                                       - FLUX SUMMARY -
 L2-CPE V1.3            Kappa-distribution     
 Cartesian (LRAD) Algorithm
 
 
 Phenomenological Region  =>  Solar Wind at SolMax (IMP-8)
 
 
 
 Species  =>  Protons
 
 Positive Z direction flux calculated.
 
 Minimum Energy =     0.0010 keV
 Maximum Energy =  1000.0000 keV
 
 Number of Energy Bins =    50
 
 50% Total Flux        =   0.2687E+08 (#/cm^2/sec)
 95% Total Flux        =   0.1403E+09 (#/cm^2/sec)
  5% Total Flux        =   0.1405E+07 (#/cm^2/sec)
  95% Total Flux       =   0.1403E+09 (#/cm^2/sec)
 Maximum Total Flux    =   0.1482E+10 (#/cm^2/sec)
 Minimum Total Flux    =   0.3614E+04 (#/cm^2/sec)
 Mean Total Flux       =   0.4351E+08 (#/cm^2/sec)
 Std. Dev. Total Flux  =   0.5651E+08 (#/cm^2/sec)
 
 
                        Differential Energy Flux Table  (#/cm^2/sec/keV)
 
    E1(keV)   E2(keV)    50%          95%         5%          95%       Maximum     Minimum     Mean       Std. Dev.
    0.0010    0.0013  0.2415E+10  0.1046E+11  0.1992E+09  0.1046E+11  0.5854E+11  0.6279E+06  0.3427E+10  0.3714E+10
    0.0013    0.0017  0.2374E+10  0.1072E+11  0.1836E+09  0.1072E+11  0.6859E+11  0.5593E+06  0.3429E+10  0.3803E+10
    0.0017    0.0023  0.2288E+10  0.1093E+11  0.1645E+09  0.1093E+11  0.6291E+11  0.4631E+06  0.3387E+10  0.3850E+10
    0.0023    0.0030  0.2133E+10  0.1083E+11  0.1398E+09  0.1083E+11  0.5474E+11  0.3753E+06  0.3278E+10  0.3845E+10
    0.0030    0.0040  0.1920E+10  0.1026E+11  0.1125E+09  0.1026E+11  0.4932E+11  0.2971E+06  0.3081E+10  0.3793E+10
    0.0040    0.0052  0.1667E+10  0.9229E+10  0.8594E+08  0.9229E+10  0.5119E+11  0.2295E+06  0.2779E+10  0.3657E+10
    0.0052    0.0069  0.1362E+10  0.8101E+10  0.6134E+08  0.8101E+10  0.6356E+11  0.1726E+06  0.2375E+10  0.3350E+10
    0.0069    0.0091  0.1030E+10  0.6708E+10  0.4145E+08  0.6708E+10  0.4847E+11  0.1263E+06  0.1908E+10  0.2858E+10
    0.0091    0.0120  0.7127E+09  0.5142E+10  0.2666E+08  0.5142E+10  0.3863E+11  0.8984E+05  0.1441E+10  0.2294E+10
    0.0120    0.0158  0.4504E+09  0.3961E+10  0.1639E+08  0.3961E+10  0.3752E+11  0.6203E+05  0.1025E+10  0.1762E+10
    0.0158    0.0209  0.2536E+09  0.2988E+10  0.9453E+07  0.2988E+10  0.2840E+11  0.4156E+05  0.6860E+09  0.1279E+10
    0.0209    0.0275  0.1355E+09  0.2055E+10  0.5252E+07  0.2055E+10  0.2353E+11  0.2240E+05  0.4307E+09  0.8834E+09
    0.0275    0.0363  0.6837E+08  0.1294E+10  0.2825E+07  0.1294E+10  0.2383E+11  0.1150E+05  0.2554E+09  0.5885E+09
    0.0363    0.0479  0.3293E+08  0.7466E+09  0.1472E+07  0.7466E+09  0.1926E+11  0.5659E+04  0.1450E+09  0.3858E+09
    0.0479    0.0631  0.1510E+08  0.3998E+09  0.7324E+06  0.3998E+09  0.1176E+11  0.2676E+04  0.7889E+08  0.2450E+09
    0.0631    0.0832  0.6857E+07  0.2130E+09  0.3493E+06  0.2130E+09  0.1138E+11  0.1203E+04  0.4117E+08  0.1480E+09
    0.0832    0.1096  0.3143E+07  0.9974E+08  0.1591E+06  0.9974E+08  0.5433E+10  0.3834E+03  0.2087E+08  0.8316E+08
    0.1096    0.1445  0.1464E+07  0.4519E+08  0.6908E+05  0.4519E+08  0.4248E+10  0.1212E+03  0.1049E+08  0.4763E+08
    0.1445    0.1905  0.6867E+06  0.2067E+08  0.2898E+05  0.2067E+08  0.3452E+10  0.3805E+02  0.5318E+07  0.2984E+08
    0.1905    0.2512  0.3231E+06  0.9284E+07  0.1192E+05  0.9284E+07  0.2576E+10  0.1189E+02  0.2737E+07  0.1981E+08
    0.2512    0.3311  0.1518E+06  0.4127E+07  0.4810E+04  0.4127E+07  0.1744E+10  0.3700E+01  0.1429E+07  0.1305E+08
    0.3311    0.4365  0.7140E+05  0.1870E+07  0.1919E+04  0.1870E+07  0.1065E+10  0.1129E+01  0.7509E+06  0.8188E+07
    0.4365    0.5754  0.3327E+05  0.9014E+06  0.7516E+03  0.9014E+06  0.6219E+09  0.2878E+00  0.3932E+06  0.4838E+07
    0.5754    0.7586  0.1553E+05  0.4324E+06  0.2878E+03  0.4324E+06  0.3454E+09  0.7405E-01  0.2040E+06  0.2706E+07
    0.7586    1.0000  0.7215E+04  0.2159E+06  0.1106E+03  0.2159E+06  0.1792E+09  0.1921E-01  0.1046E+06  0.1450E+07
    1.0000    1.3183  0.3337E+04  0.1096E+06  0.4196E+02  0.1096E+06  0.8827E+08  0.5019E-02  0.5305E+05  0.7521E+06
    1.3183    1.7378  0.1539E+04  0.5669E+05  0.1577E+02  0.5669E+05  0.4922E+08  0.1320E-02  0.2675E+05  0.3799E+06
    1.7378    2.2909  0.7063E+03  0.2972E+05  0.5912E+01  0.2972E+05  0.2524E+08  0.3488E-03  0.1346E+05  0.1874E+06
    2.2909    3.0200  0.3248E+03  0.1575E+05  0.2212E+01  0.1575E+05  0.1204E+08  0.9267E-04  0.6801E+04  0.9086E+05
    3.0200    3.9811  0.1489E+03  0.8544E+04  0.8282E+00  0.8544E+04  0.5406E+07  0.2472E-04  0.3463E+04  0.4369E+05
    3.9811    5.2481  0.6801E+02  0.4709E+04  0.3075E+00  0.4709E+04  0.2316E+07  0.6619E-05  0.1783E+04  0.2110E+05
    5.2481    6.9183  0.3109E+02  0.2574E+04  0.1133E+00  0.2574E+04  0.9765E+06  0.1778E-05  0.9309E+03  0.1035E+05
    6.9183    9.1201  0.1421E+02  0.1433E+04  0.4212E-01  0.1433E+04  0.4541E+06  0.4789E-06  0.4931E+03  0.5197E+04
    9.1201   12.0226  0.6513E+01  0.8016E+03  0.1553E-01  0.8016E+03  0.2447E+06  0.1293E-06  0.2651E+03  0.2683E+04
   12.0226   15.8489  0.2979E+01  0.4523E+03  0.5735E-02  0.4523E+03  0.1324E+06  0.3499E-07  0.1446E+03  0.1424E+04
   15.8489   20.8930  0.1360E+01  0.2578E+03  0.2104E-02  0.2578E+03  0.7375E+05  0.9487E-08  0.7993E+02  0.7752E+03
   20.8930   27.5423  0.6226E+00  0.1465E+03  0.7758E-03  0.1465E+03  0.4426E+05  0.2576E-08  0.4473E+02  0.4311E+03
   27.5423   36.3078  0.2846E+00  0.8390E+02  0.2833E-03  0.8390E+02  0.2682E+05  0.7006E-09  0.2532E+02  0.2441E+03
   36.3078   47.8630  0.1299E+00  0.4830E+02  0.1031E-03  0.4830E+02  0.1630E+05  0.1908E-09  0.1448E+02  0.1404E+03
   47.8630   63.0957  0.5927E-01  0.2781E+02  0.3738E-04  0.2781E+02  0.9927E+04  0.5200E-10  0.8358E+01  0.8173E+02
   63.0957   83.1764  0.2713E-01  0.1599E+02  0.1368E-04  0.1599E+02  0.6058E+04  0.1419E-10  0.4864E+01  0.4809E+02
   83.1764  109.6478  0.1246E-01  0.9228E+01  0.4943E-05  0.9228E+01  0.3702E+04  0.3874E-11  0.2851E+01  0.2855E+02
  109.6478  144.5440  0.5738E-02  0.5376E+01  0.1798E-05  0.5376E+01  0.2266E+04  0.1058E-11  0.1683E+01  0.1708E+02
  144.5440  190.5461  0.2638E-02  0.3120E+01  0.6510E-06  0.3120E+01  0.1389E+04  0.2894E-12  0.9993E+00  0.1029E+02
  190.5461  251.1887  0.1211E-02  0.1821E+01  0.2380E-06  0.1821E+01  0.8522E+03  0.7917E-13  0.5966E+00  0.6227E+01
  251.1887  331.1311  0.5578E-03  0.1060E+01  0.8544E-07  0.1060E+01  0.5234E+03  0.2167E-13  0.3580E+00  0.3789E+01
  331.1311  436.5159  0.2573E-03  0.6206E+00  0.3117E-07  0.6206E+00  0.3217E+03  0.5933E-14  0.2158E+00  0.2315E+01
  436.5159  575.4399  0.1182E-03  0.3608E+00  0.1117E-07  0.3608E+00  0.1979E+03  0.1625E-14  0.1306E+00  0.1419E+01
  575.4399  758.5778  0.5417E-04  0.2105E+00  0.4038E-08  0.2105E+00  0.1218E+03  0.4453E-15  0.7933E-01  0.8732E+00
  758.5778 1000.0000  0.2491E-04  0.1233E+00  0.1461E-08  0.1233E+00  0.7546E+02  0.1220E-15  0.4836E-01  0.5387E+00
 
 
                       Particle Flux per Energy Bin Table  (#/cm^2/sec)
 
    E1(keV)   E2(keV)    50%          95%         5%          95%       Maximum     Minimum     Mean       Std. Dev.
    0.0010    0.0013  0.7685E+06  0.3328E+07  0.6340E+05  0.3328E+07  0.1863E+08  0.1998E+03  0.1091E+07  0.1182E+07
    0.0013    0.0017  0.9960E+06  0.4498E+07  0.7702E+05  0.4498E+07  0.2878E+08  0.2347E+03  0.1439E+07  0.1596E+07
    0.0017    0.0023  0.1265E+07  0.6045E+07  0.9095E+05  0.6045E+07  0.3479E+08  0.2561E+03  0.1873E+07  0.2130E+07
    0.0023    0.0030  0.1555E+07  0.7896E+07  0.1019E+06  0.7896E+07  0.3991E+08  0.2736E+03  0.2390E+07  0.2804E+07
    0.0030    0.0040  0.1845E+07  0.9857E+07  0.1081E+06  0.9857E+07  0.4740E+08  0.2856E+03  0.2961E+07  0.3646E+07
    0.0040    0.0052  0.2112E+07  0.1169E+08  0.1089E+06  0.1169E+08  0.6486E+08  0.2907E+03  0.3521E+07  0.4634E+07
    0.0052    0.0069  0.2275E+07  0.1353E+08  0.1024E+06  0.1353E+08  0.1062E+09  0.2883E+03  0.3967E+07  0.5596E+07
    0.0069    0.0091  0.2267E+07  0.1477E+08  0.9125E+05  0.1477E+08  0.1067E+09  0.2782E+03  0.4202E+07  0.6293E+07
    0.0091    0.0120  0.2069E+07  0.1492E+08  0.7739E+05  0.1492E+08  0.1121E+09  0.2608E+03  0.4184E+07  0.6659E+07
    0.0120    0.0158  0.1723E+07  0.1515E+08  0.6272E+05  0.1515E+08  0.1435E+09  0.2373E+03  0.3922E+07  0.6742E+07
    0.0158    0.0209  0.1279E+07  0.1507E+08  0.4768E+05  0.1507E+08  0.1433E+09  0.2096E+03  0.3460E+07  0.6451E+07
    0.0209    0.0275  0.9011E+06  0.1367E+08  0.3492E+05  0.1367E+08  0.1565E+09  0.1490E+03  0.2864E+07  0.5874E+07
    0.0275    0.0363  0.5993E+06  0.1134E+08  0.2476E+05  0.1134E+08  0.2089E+09  0.1008E+03  0.2239E+07  0.5158E+07
    0.0363    0.0479  0.3805E+06  0.8627E+07  0.1701E+05  0.8627E+07  0.2225E+09  0.6539E+02  0.1676E+07  0.4458E+07
    0.0479    0.0631  0.2300E+06  0.6089E+07  0.1116E+05  0.6089E+07  0.1792E+09  0.4076E+02  0.1202E+07  0.3732E+07
    0.0631    0.0832  0.1377E+06  0.4277E+07  0.7015E+04  0.4277E+07  0.2286E+09  0.2415E+02  0.8267E+06  0.2973E+07
    0.0832    0.1096  0.8319E+05  0.2640E+07  0.4212E+04  0.2640E+07  0.1438E+09  0.1015E+02  0.5524E+06  0.2201E+07
    0.1096    0.1445  0.5108E+05  0.1577E+07  0.2411E+04  0.1577E+07  0.1482E+09  0.4228E+01  0.3662E+06  0.1662E+07
    0.1445    0.1905  0.3159E+05  0.9510E+06  0.1333E+04  0.9510E+06  0.1588E+09  0.1750E+01  0.2447E+06  0.1373E+07
    0.1905    0.2512  0.1959E+05  0.5630E+06  0.7231E+03  0.5630E+06  0.1562E+09  0.7209E+00  0.1660E+06  0.1201E+07
    0.2512    0.3311  0.1214E+05  0.3299E+06  0.3845E+03  0.3299E+06  0.1394E+09  0.2958E+00  0.1143E+06  0.1043E+07
    0.3311    0.4365  0.7524E+04  0.1970E+06  0.2022E+03  0.1970E+06  0.1122E+09  0.1190E+00  0.7913E+05  0.8629E+06
    0.4365    0.5754  0.4622E+04  0.1252E+06  0.1044E+03  0.1252E+06  0.8639E+08  0.3998E-01  0.5463E+05  0.6721E+06
    0.5754    0.7586  0.2844E+04  0.7920E+05  0.5271E+02  0.7920E+05  0.6325E+08  0.1356E-01  0.3735E+05  0.4955E+06
    0.7586    1.0000  0.1742E+04  0.5212E+05  0.2671E+02  0.5212E+05  0.4327E+08  0.4638E-02  0.2524E+05  0.3500E+06
    1.0000    1.3183  0.1062E+04  0.3488E+05  0.1335E+02  0.3488E+05  0.2809E+08  0.1597E-02  0.1688E+05  0.2394E+06
    1.3183    1.7378  0.6457E+03  0.2378E+05  0.6617E+01  0.2378E+05  0.2065E+08  0.5536E-03  0.1122E+05  0.1594E+06
    1.7378    2.2909  0.3906E+03  0.1644E+05  0.3270E+01  0.1644E+05  0.1396E+08  0.1929E-03  0.7446E+04  0.1037E+06
    2.2909    3.0200  0.2368E+03  0.1148E+05  0.1612E+01  0.1148E+05  0.8776E+07  0.6756E-04  0.4959E+04  0.6625E+05
    3.0200    3.9811  0.1431E+03  0.8212E+04  0.7960E+00  0.8212E+04  0.5196E+07  0.2376E-04  0.3328E+04  0.4199E+05
    3.9811    5.2481  0.8617E+02  0.5966E+04  0.3896E+00  0.5966E+04  0.2935E+07  0.8386E-05  0.2259E+04  0.2673E+05
    5.2481    6.9183  0.5192E+02  0.4299E+04  0.1892E+00  0.4299E+04  0.1631E+07  0.2969E-05  0.1555E+04  0.1728E+05
    6.9183    9.1201  0.3129E+02  0.3154E+04  0.9274E-01  0.3154E+04  0.9997E+06  0.1054E-05  0.1086E+04  0.1144E+05
    9.1201   12.0226  0.1890E+02  0.2327E+04  0.4508E-01  0.2327E+04  0.7102E+06  0.3753E-06  0.7695E+03  0.7789E+04
   12.0226   15.8489  0.1140E+02  0.1731E+04  0.2194E-01  0.1731E+04  0.5065E+06  0.1339E-06  0.5532E+03  0.5450E+04
   15.8489   20.8930  0.6860E+01  0.1300E+04  0.1061E-01  0.1300E+04  0.3720E+06  0.4786E-07  0.4032E+03  0.3910E+04
   20.8930   27.5423  0.4140E+01  0.9741E+03  0.5158E-02  0.9741E+03  0.2943E+06  0.1713E-07  0.2975E+03  0.2867E+04
   27.5423   36.3078  0.2494E+01  0.7354E+03  0.2483E-02  0.7354E+03  0.2351E+06  0.6141E-08  0.2220E+03  0.2140E+04
   36.3078   47.8630  0.1501E+01  0.5581E+03  0.1192E-02  0.5581E+03  0.1884E+06  0.2204E-08  0.1673E+03  0.1622E+04
   47.8630   63.0957  0.9028E+00  0.4236E+03  0.5694E-03  0.4236E+03  0.1512E+06  0.7921E-09  0.1273E+03  0.1245E+04
   63.0957   83.1764  0.5448E+00  0.3211E+03  0.2747E-03  0.3211E+03  0.1216E+06  0.2849E-09  0.9766E+02  0.9657E+03
   83.1764  109.6478  0.3299E+00  0.2443E+03  0.1309E-03  0.2443E+03  0.9801E+05  0.1025E-09  0.7548E+02  0.7558E+03
  109.6478  144.5440  0.2002E+00  0.1876E+03  0.6274E-04  0.1876E+03  0.7908E+05  0.3694E-10  0.5873E+02  0.5961E+03
  144.5440  190.5461  0.1213E+00  0.1435E+03  0.2995E-04  0.1435E+03  0.6390E+05  0.1331E-10  0.4597E+02  0.4731E+03
  190.5461  251.1887  0.7342E-01  0.1104E+03  0.1443E-04  0.1104E+03  0.5168E+05  0.4801E-11  0.3618E+02  0.3776E+03
  251.1887  331.1311  0.4459E-01  0.8473E+02  0.6830E-05  0.8473E+02  0.4184E+05  0.1732E-11  0.2862E+02  0.3029E+03
  331.1311  436.5159  0.2712E-01  0.6541E+02  0.3285E-05  0.6541E+02  0.3390E+05  0.6253E-12  0.2274E+02  0.2439E+03
  436.5159  575.4399  0.1643E-01  0.5012E+02  0.1552E-05  0.5012E+02  0.2749E+05  0.2258E-12  0.1814E+02  0.1972E+03
  575.4399  758.5778  0.9920E-02  0.3855E+02  0.7395E-06  0.3855E+02  0.2231E+05  0.8155E-13  0.1453E+02  0.1599E+03
  758.5778 1000.0000  0.6014E-02  0.2978E+02  0.3528E-06  0.2978E+02  0.1822E+05  0.2946E-13  0.1168E+02  0.1301E+03
  ------------------------------------------------------------------------------------------
           TOTALS:    0.2062E+08  0.1674E+09  0.1036E+07  0.1674E+09  0.2979E+10  0.3212E+04  0.4351E+08  0.8048E+08
