                                       - FLUX SUMMARY -
 L2-CPE V1.3            Kappa-distribution     
 Cartesian (LRAD) Algorithm
 
 
 Phenomenological Region  =>  Solar Wind at SolMax (Ulysses)
 
 
 
 Species  =>  Protons
 
 Positive Z direction flux calculated.
 
 Minimum Energy =     0.0010 keV
 Maximum Energy =  1000.0000 keV
 
 Number of Energy Bins =    50
 
 50% Total Flux        =   0.1005E+08 (#/cm^2/sec)
 95% Total Flux        =   0.9099E+08 (#/cm^2/sec)
  5% Total Flux        =   0.1586E+07 (#/cm^2/sec)
  95% Total Flux       =   0.9099E+08 (#/cm^2/sec)
 Maximum Total Flux    =   0.1226E+10 (#/cm^2/sec)
 Minimum Total Flux    =   0.1005E+06 (#/cm^2/sec)
 Mean Total Flux       =   0.2449E+08 (#/cm^2/sec)
 Std. Dev. Total Flux  =   0.4789E+08 (#/cm^2/sec)
 
 
                        Differential Energy Flux Table  (#/cm^2/sec/keV)
 
    E1(keV)   E2(keV)    50%          95%         5%          95%       Maximum     Minimum     Mean       Std. Dev.
    0.0010    0.0013  0.1033E+10  0.4945E+10  0.2136E+09  0.4945E+10  0.2890E+11  0.8950E+07  0.1603E+10  0.1855E+10
    0.0013    0.0017  0.9671E+09  0.4745E+10  0.1944E+09  0.4745E+10  0.2776E+11  0.8029E+07  0.1528E+10  0.1809E+10
    0.0017    0.0023  0.8915E+09  0.4502E+10  0.1736E+09  0.4502E+10  0.2790E+11  0.7099E+07  0.1438E+10  0.1752E+10
    0.0023    0.0030  0.8002E+09  0.4234E+10  0.1498E+09  0.4234E+10  0.2792E+11  0.6176E+07  0.1332E+10  0.1683E+10
    0.0030    0.0040  0.7008E+09  0.3913E+10  0.1245E+09  0.3913E+10  0.2870E+11  0.5279E+07  0.1211E+10  0.1600E+10
    0.0040    0.0052  0.5903E+09  0.3574E+10  0.9939E+08  0.3574E+10  0.2920E+11  0.4425E+07  0.1076E+10  0.1502E+10
    0.0052    0.0069  0.4752E+09  0.3184E+10  0.7622E+08  0.3184E+10  0.2903E+11  0.3633E+07  0.9326E+09  0.1388E+10
    0.0069    0.0091  0.3684E+09  0.2759E+10  0.5627E+08  0.2759E+10  0.2792E+11  0.2917E+07  0.7851E+09  0.1261E+10
    0.0091    0.0120  0.2751E+09  0.2345E+10  0.3929E+08  0.2345E+10  0.2560E+11  0.2287E+07  0.6402E+09  0.1122E+10
    0.0120    0.0158  0.1945E+09  0.1917E+10  0.2647E+08  0.1917E+10  0.2296E+11  0.1750E+07  0.5044E+09  0.9723E+09
    0.0158    0.0209  0.1306E+09  0.1513E+10  0.1690E+08  0.1513E+10  0.1950E+11  0.1305E+07  0.3831E+09  0.8172E+09
    0.0209    0.0275  0.8386E+08  0.1134E+10  0.1035E+08  0.1134E+10  0.1546E+11  0.9480E+06  0.2799E+09  0.6643E+09
    0.0275    0.0363  0.5072E+08  0.8318E+09  0.6125E+07  0.8318E+09  0.1580E+11  0.6711E+06  0.1964E+09  0.5228E+09
    0.0363    0.0479  0.2942E+08  0.5722E+09  0.3490E+07  0.5722E+09  0.1542E+11  0.4630E+06  0.1321E+09  0.3981E+09
    0.0479    0.0631  0.1634E+08  0.3668E+09  0.1941E+07  0.3668E+09  0.1435E+11  0.2710E+06  0.8474E+08  0.2877E+09
    0.0631    0.0832  0.8750E+07  0.2258E+09  0.1044E+07  0.2258E+09  0.1036E+11  0.1463E+06  0.5172E+08  0.1895E+09
    0.0832    0.1096  0.4555E+07  0.1298E+09  0.5493E+06  0.1298E+09  0.5714E+10  0.7826E+05  0.3003E+08  0.1118E+09
    0.1096    0.1445  0.2327E+07  0.7161E+08  0.2814E+06  0.7161E+08  0.2532E+10  0.1677E+05  0.1670E+08  0.6146E+08
    0.1445    0.1905  0.1164E+07  0.3801E+08  0.1409E+06  0.3801E+08  0.9752E+09  0.2012E+04  0.8964E+07  0.3325E+08
    0.1905    0.2512  0.5734E+06  0.1945E+08  0.7118E+05  0.1945E+08  0.4791E+09  0.2036E+03  0.4668E+07  0.1794E+08
    0.2512    0.3311  0.2806E+06  0.9600E+07  0.3560E+05  0.9600E+07  0.3128E+09  0.1769E+02  0.2364E+07  0.9507E+07
    0.3311    0.4365  0.1349E+06  0.4676E+07  0.1754E+05  0.4676E+07  0.1817E+09  0.1344E+01  0.1169E+07  0.4880E+07
    0.4365    0.5754  0.6427E+05  0.2213E+07  0.8580E+04  0.2213E+07  0.9098E+08  0.9109E-01  0.5673E+06  0.2427E+07
    0.5754    0.7586  0.3062E+05  0.1043E+07  0.4150E+04  0.1043E+07  0.4621E+08  0.5606E-02  0.2715E+06  0.1180E+07
    0.7586    1.0000  0.1454E+05  0.4931E+06  0.2014E+04  0.4931E+06  0.2321E+08  0.3186E-03  0.1287E+06  0.5669E+06
    1.0000    1.3183  0.6896E+04  0.2250E+06  0.9745E+03  0.2250E+06  0.1134E+08  0.1696E-04  0.6068E+05  0.2708E+06
    1.3183    1.7378  0.3243E+04  0.1024E+06  0.4700E+03  0.1024E+06  0.5424E+07  0.8560E-06  0.2850E+05  0.1291E+06
    1.7378    2.2909  0.1527E+04  0.4702E+05  0.2268E+03  0.4702E+05  0.2553E+07  0.4140E-07  0.1337E+05  0.6150E+05
    2.2909    3.0200  0.7179E+03  0.2152E+05  0.1093E+03  0.2152E+05  0.1187E+07  0.1934E-08  0.6265E+04  0.2933E+05
    3.0200    3.9811  0.3384E+03  0.9837E+04  0.5204E+02  0.9837E+04  0.5475E+06  0.8793E-10  0.2940E+04  0.1401E+05
    3.9811    5.2481  0.1590E+03  0.4416E+04  0.2464E+02  0.4416E+04  0.2508E+06  0.3911E-11  0.1381E+04  0.6716E+04
    5.2481    6.9183  0.7452E+02  0.2024E+04  0.1168E+02  0.2024E+04  0.1144E+06  0.1709E-12  0.6507E+03  0.3233E+04
    6.9183    9.1201  0.3485E+02  0.9192E+03  0.5534E+01  0.9192E+03  0.5205E+05  0.7365E-14  0.3073E+03  0.1564E+04
    9.1201   12.0226  0.1633E+02  0.4154E+03  0.2634E+01  0.4154E+03  0.2770E+05  0.3139E-15  0.1456E+03  0.7616E+03
   12.0226   15.8489  0.7608E+01  0.1930E+03  0.1243E+01  0.1930E+03  0.1490E+05  0.1326E-16  0.6927E+02  0.3735E+03
   15.8489   20.8930  0.3527E+01  0.9010E+02  0.5915E+00  0.9010E+02  0.8008E+04  0.5558E-18  0.3307E+02  0.1846E+03
   20.8930   27.5423  0.1639E+01  0.4146E+02  0.2810E+00  0.4146E+02  0.4301E+04  0.2317E-19  0.1585E+02  0.9201E+02
   27.5423   36.3078  0.7616E+00  0.1884E+02  0.1336E+00  0.1884E+02  0.2310E+04  0.9613E-21  0.7633E+01  0.4625E+02
   36.3078   47.8630  0.3545E+00  0.8820E+01  0.6331E-01  0.8820E+01  0.1240E+04  0.3973E-22  0.3692E+01  0.2345E+02
   47.8630   63.0957  0.1648E+00  0.4110E+01  0.2991E-01  0.4110E+01  0.6656E+03  0.1637E-23  0.1793E+01  0.1199E+02
   63.0957   83.1764  0.7658E-01  0.1938E+01  0.1412E-01  0.1938E+01  0.3573E+03  0.6728E-25  0.8754E+00  0.6182E+01
   83.1764  109.6478  0.3529E-01  0.9073E+00  0.6671E-02  0.9073E+00  0.1918E+03  0.2759E-26  0.4293E+00  0.3211E+01
  109.6478  144.5440  0.1633E-01  0.4338E+00  0.3134E-02  0.4338E+00  0.1029E+03  0.1023E-27  0.2115E+00  0.1680E+01
  144.5440  190.5461  0.7480E-02  0.2106E+00  0.1476E-02  0.2106E+00  0.5524E+02  0.1000E-32  0.1047E+00  0.8842E+00
  190.5461  251.1887  0.3421E-02  0.9963E-01  0.6948E-03  0.9963E-01  0.2965E+02  0.1000E-32  0.5207E-01  0.4681E+00
  251.1887  331.1311  0.1567E-02  0.4820E-01  0.3266E-03  0.4820E-01  0.1591E+02  0.1000E-32  0.2602E-01  0.2491E+00
  331.1311  436.5159  0.7153E-03  0.2321E-01  0.1527E-03  0.2321E-01  0.8542E+01  0.1000E-32  0.1306E-01  0.1332E+00
  436.5159  575.4399  0.3251E-03  0.1136E-01  0.7113E-04  0.1136E-01  0.4586E+01  0.1000E-32  0.6586E-02  0.7149E-01
  575.4399  758.5778  0.1483E-03  0.5552E-02  0.3321E-04  0.5552E-02  0.2508E+01  0.1000E-32  0.3335E-02  0.3851E-01
  758.5778 1000.0000  0.6772E-04  0.2673E-02  0.1546E-04  0.2673E-02  0.1380E+01  0.1000E-32  0.1697E-02  0.2082E-01
 
 
                       Particle Flux per Energy Bin Table  (#/cm^2/sec)
 
    E1(keV)   E2(keV)    50%          95%         5%          95%       Maximum     Minimum     Mean       Std. Dev.
    0.0010    0.0013  0.3288E+06  0.1574E+07  0.6799E+05  0.1574E+07  0.9196E+07  0.2848E+04  0.5103E+06  0.5903E+06
    0.0013    0.0017  0.4057E+06  0.1991E+07  0.8158E+05  0.1991E+07  0.1165E+08  0.3368E+04  0.6412E+06  0.7589E+06
    0.0017    0.0023  0.4931E+06  0.2490E+07  0.9602E+05  0.2490E+07  0.1543E+08  0.3926E+04  0.7954E+06  0.9692E+06
    0.0023    0.0030  0.5834E+06  0.3087E+07  0.1092E+06  0.3087E+07  0.2036E+08  0.4503E+04  0.9712E+06  0.1227E+07
    0.0030    0.0040  0.6736E+06  0.3761E+07  0.1197E+06  0.3761E+07  0.2759E+08  0.5073E+04  0.1164E+07  0.1538E+07
    0.0040    0.0052  0.7479E+06  0.4528E+07  0.1259E+06  0.4528E+07  0.3699E+08  0.5607E+04  0.1364E+07  0.1903E+07
    0.0052    0.0069  0.7937E+06  0.5318E+07  0.1273E+06  0.5318E+07  0.4849E+08  0.6069E+04  0.1558E+07  0.2319E+07
    0.0069    0.0091  0.8111E+06  0.6074E+07  0.1239E+06  0.6074E+07  0.6146E+08  0.6423E+04  0.1729E+07  0.2777E+07
    0.0091    0.0120  0.7984E+06  0.6806E+07  0.1140E+06  0.6806E+07  0.7431E+08  0.6639E+04  0.1858E+07  0.3256E+07
    0.0120    0.0158  0.7443E+06  0.7335E+07  0.1013E+06  0.7335E+07  0.8785E+08  0.6695E+04  0.1930E+07  0.3720E+07
    0.0158    0.0209  0.6588E+06  0.7632E+07  0.8527E+05  0.7632E+07  0.9837E+08  0.6581E+04  0.1932E+07  0.4122E+07
    0.0209    0.0275  0.5576E+06  0.7539E+07  0.6882E+05  0.7539E+07  0.1028E+09  0.6304E+04  0.1861E+07  0.4417E+07
    0.0275    0.0363  0.4446E+06  0.7291E+07  0.5369E+05  0.7291E+07  0.1385E+09  0.5883E+04  0.1722E+07  0.4582E+07
    0.0363    0.0479  0.3400E+06  0.6612E+07  0.4033E+05  0.6612E+07  0.1782E+09  0.5350E+04  0.1526E+07  0.4600E+07
    0.0479    0.0631  0.2489E+06  0.5588E+07  0.2956E+05  0.5588E+07  0.2187E+09  0.4129E+04  0.1291E+07  0.4383E+07
    0.0631    0.0832  0.1757E+06  0.4534E+07  0.2096E+05  0.4534E+07  0.2080E+09  0.2938E+04  0.1039E+07  0.3805E+07
    0.0832    0.1096  0.1206E+06  0.3437E+07  0.1454E+05  0.3437E+07  0.1513E+09  0.2072E+04  0.7949E+06  0.2958E+07
    0.1096    0.1445  0.8121E+05  0.2499E+07  0.9821E+04  0.2499E+07  0.8834E+08  0.5853E+03  0.5826E+06  0.2145E+07
    0.1445    0.1905  0.5356E+05  0.1749E+07  0.6483E+04  0.1749E+07  0.4486E+08  0.9257E+02  0.4124E+06  0.1529E+07
    0.1905    0.2512  0.3477E+05  0.1179E+07  0.4316E+04  0.1179E+07  0.2905E+08  0.1235E+02  0.2831E+06  0.1088E+07
    0.2512    0.3311  0.2243E+05  0.7674E+06  0.2846E+04  0.7674E+06  0.2500E+08  0.1414E+01  0.1890E+06  0.7600E+06
    0.3311    0.4365  0.1422E+05  0.4928E+06  0.1848E+04  0.4928E+06  0.1915E+08  0.1416E+00  0.1232E+06  0.5142E+06
    0.4365    0.5754  0.8928E+04  0.3074E+06  0.1192E+04  0.3074E+06  0.1264E+08  0.1265E-01  0.7881E+05  0.3371E+06
    0.5754    0.7586  0.5608E+04  0.1909E+06  0.7601E+03  0.1909E+06  0.8464E+07  0.1027E-02  0.4972E+05  0.2161E+06
    0.7586    1.0000  0.3511E+04  0.1191E+06  0.4861E+03  0.1191E+06  0.5602E+07  0.7692E-04  0.3108E+05  0.1369E+06
    1.0000    1.3183  0.2195E+04  0.7161E+05  0.3101E+03  0.7161E+05  0.3608E+07  0.5397E-05  0.1931E+05  0.8618E+05
    1.3183    1.7378  0.1361E+04  0.4295E+05  0.1972E+03  0.4295E+05  0.2275E+07  0.3591E-06  0.1196E+05  0.5415E+05
    1.7378    2.2909  0.8446E+03  0.2600E+05  0.1254E+03  0.2600E+05  0.1412E+07  0.2289E-07  0.7392E+04  0.3401E+05
    2.2909    3.0200  0.5234E+03  0.1569E+05  0.7967E+02  0.1569E+05  0.8657E+06  0.1410E-08  0.4568E+04  0.2138E+05
    3.0200    3.9811  0.3253E+03  0.9455E+04  0.5002E+02  0.9455E+04  0.5262E+06  0.8452E-10  0.2825E+04  0.1347E+05
    3.9811    5.2481  0.2015E+03  0.5595E+04  0.3122E+02  0.5595E+04  0.3178E+06  0.4955E-11  0.1750E+04  0.8509E+04
    5.2481    6.9183  0.1245E+03  0.3381E+04  0.1951E+02  0.3381E+04  0.1911E+06  0.2855E-12  0.1087E+04  0.5399E+04
    6.9183    9.1201  0.7673E+02  0.2024E+04  0.1218E+02  0.2024E+04  0.1146E+06  0.1622E-13  0.6767E+03  0.3444E+04
    9.1201   12.0226  0.4739E+02  0.1206E+04  0.7646E+01  0.1206E+04  0.8041E+05  0.9110E-15  0.4227E+03  0.2211E+04
   12.0226   15.8489  0.2911E+02  0.7386E+03  0.4756E+01  0.7386E+03  0.5701E+05  0.5072E-16  0.2650E+03  0.1429E+04
   15.8489   20.8930  0.1779E+02  0.4545E+03  0.2984E+01  0.4545E+03  0.4039E+05  0.2804E-17  0.1668E+03  0.9311E+03
   20.8930   27.5423  0.1090E+02  0.2757E+03  0.1868E+01  0.2757E+03  0.2860E+05  0.1541E-18  0.1054E+03  0.6118E+03
   27.5423   36.3078  0.6676E+01  0.1651E+03  0.1171E+01  0.1651E+03  0.2025E+05  0.8426E-20  0.6691E+02  0.4054E+03
   36.3078   47.8630  0.4096E+01  0.1019E+03  0.7315E+00  0.1019E+03  0.1433E+05  0.4591E-21  0.4266E+02  0.2710E+03
   47.8630   63.0957  0.2510E+01  0.6261E+02  0.4556E+00  0.6261E+02  0.1014E+05  0.2494E-22  0.2732E+02  0.1827E+03
   63.0957   83.1764  0.1538E+01  0.3892E+02  0.2836E+00  0.3892E+02  0.7174E+04  0.1351E-23  0.1758E+02  0.1241E+03
   83.1764  109.6478  0.9343E+00  0.2402E+02  0.1766E+00  0.2402E+02  0.5076E+04  0.7303E-25  0.1136E+02  0.8500E+02
  109.6478  144.5440  0.5698E+00  0.1514E+02  0.1094E+00  0.1514E+02  0.3591E+04  0.3570E-26  0.7380E+01  0.5861E+02
  144.5440  190.5461  0.3441E+00  0.9690E+01  0.6791E-01  0.9690E+01  0.2541E+04  0.4600E-31  0.4816E+01  0.4067E+02
  190.5461  251.1887  0.2074E+00  0.6042E+01  0.4214E-01  0.6042E+01  0.1798E+04  0.6064E-31  0.3158E+01  0.2839E+02
  251.1887  331.1311  0.1253E+00  0.3853E+01  0.2611E-01  0.3853E+01  0.1272E+04  0.7994E-31  0.2080E+01  0.1992E+02
  331.1311  436.5159  0.7538E-01  0.2446E+01  0.1609E-01  0.2446E+01  0.9002E+03  0.1054E-30  0.1376E+01  0.1404E+02
  436.5159  575.4399  0.4516E-01  0.1578E+01  0.9882E-02  0.1578E+01  0.6371E+03  0.1389E-30  0.9149E+00  0.9932E+01
  575.4399  758.5778  0.2716E-01  0.1017E+01  0.6081E-02  0.1017E+01  0.4593E+03  0.1831E-30  0.6109E+00  0.7053E+01
  758.5778 1000.0000  0.1635E-01  0.6453E+00  0.3733E-02  0.6453E+00  0.3331E+03  0.2414E-30  0.4096E+00  0.5026E+01
  ------------------------------------------------------------------------------------------
           TOTALS:    0.9156E+07  0.9308E+08  0.1409E+07  0.9308E+08  0.1732E+10  0.8510E+05  0.2449E+08  0.5489E+08
