                                       - FLUX SUMMARY -
 L2-CPE V1.3            Kappa-distribution     
 Cartesian (LRAD) Algorithm
 
 
 Phenomenological Region  =>  Solar Wind at SolMax (IMP-8)
 
 
 
 Species  =>  Protons
 
 Negative Y direction flux calculated.
 
 Minimum Energy =     0.0010 keV
 Maximum Energy =  1000.0000 keV
 
 Number of Energy Bins =    50
 
 50% Total Flux        =   0.1905E+08 (#/cm^2/sec)
 95% Total Flux        =   0.1100E+09 (#/cm^2/sec)
  5% Total Flux        =   0.1084E+07 (#/cm^2/sec)
  95% Total Flux       =   0.1100E+09 (#/cm^2/sec)
 Maximum Total Flux    =   0.2446E+10 (#/cm^2/sec)
 Minimum Total Flux    =   0.1530E+04 (#/cm^2/sec)
 Mean Total Flux       =   0.3392E+08 (#/cm^2/sec)
 Std. Dev. Total Flux  =   0.5549E+08 (#/cm^2/sec)
 
 
                        Differential Energy Flux Table  (#/cm^2/sec/keV)
 
    E1(keV)   E2(keV)    50%          95%         5%          95%       Maximum     Minimum     Mean       Std. Dev.
    0.0010    0.0013  0.2556E+10  0.1208E+11  0.1567E+09  0.1208E+11  0.7971E+11  0.4696E+05  0.3684E+10  0.4142E+10
    0.0013    0.0017  0.2451E+10  0.1211E+11  0.1378E+09  0.1211E+11  0.1134E+12  0.4392E+05  0.3639E+10  0.4264E+10
    0.0017    0.0023  0.2286E+10  0.1182E+11  0.1178E+09  0.1182E+11  0.6694E+11  0.4074E+05  0.3515E+10  0.4272E+10
    0.0023    0.0030  0.2031E+10  0.1134E+11  0.9788E+08  0.1134E+11  0.5327E+11  0.3746E+05  0.3288E+10  0.4165E+10
    0.0030    0.0040  0.1740E+10  0.1019E+11  0.7854E+08  0.1019E+11  0.5430E+11  0.3412E+05  0.2944E+10  0.3901E+10
    0.0040    0.0052  0.1404E+10  0.8442E+10  0.6061E+08  0.8442E+10  0.6215E+11  0.3075E+05  0.2488E+10  0.3440E+10
    0.0052    0.0069  0.1050E+10  0.6800E+10  0.4502E+08  0.6800E+10  0.6823E+11  0.2741E+05  0.1971E+10  0.2848E+10
    0.0069    0.0091  0.7105E+09  0.5232E+10  0.3193E+08  0.5232E+10  0.6964E+11  0.2414E+05  0.1468E+10  0.2256E+10
    0.0091    0.0120  0.4493E+09  0.3616E+10  0.2138E+08  0.3616E+10  0.6359E+11  0.2100E+05  0.1037E+10  0.1782E+10
    0.0120    0.0158  0.2682E+09  0.2341E+10  0.1361E+08  0.2341E+10  0.4988E+11  0.1804E+05  0.7000E+09  0.1433E+10
    0.0158    0.0209  0.1518E+09  0.1435E+10  0.8208E+07  0.1435E+10  0.4454E+11  0.1528E+05  0.4527E+09  0.1151E+10
    0.0209    0.0275  0.8100E+08  0.8492E+09  0.4676E+07  0.8492E+09  0.3501E+11  0.9926E+04  0.2772E+09  0.8663E+09
    0.0275    0.0363  0.3977E+08  0.4949E+09  0.2576E+07  0.4949E+09  0.2210E+11  0.5756E+04  0.1595E+09  0.6042E+09
    0.0363    0.0479  0.1997E+08  0.2766E+09  0.1356E+07  0.2766E+09  0.1782E+11  0.3190E+04  0.8601E+08  0.3828E+09
    0.0479    0.0631  0.1007E+08  0.1468E+09  0.6797E+06  0.1468E+09  0.1156E+11  0.1689E+04  0.4407E+08  0.2173E+09
    0.0631    0.0832  0.5022E+07  0.7633E+08  0.3190E+06  0.7633E+08  0.6946E+10  0.8545E+03  0.2199E+08  0.1149E+09
    0.0832    0.1096  0.2462E+07  0.3977E+08  0.1434E+06  0.3977E+08  0.5201E+10  0.4133E+03  0.1101E+08  0.6775E+08
    0.1096    0.1445  0.1205E+07  0.1970E+08  0.6242E+05  0.1970E+08  0.5491E+10  0.1914E+03  0.5705E+07  0.5438E+08
    0.1445    0.1905  0.5869E+06  0.9336E+07  0.2656E+05  0.9336E+07  0.5787E+10  0.7854E+02  0.3161E+07  0.5396E+08
    0.1905    0.2512  0.2819E+06  0.4590E+07  0.1103E+05  0.4590E+07  0.5946E+10  0.1914E+02  0.1888E+07  0.5323E+08
    0.2512    0.3311  0.1351E+06  0.2311E+07  0.4463E+04  0.2311E+07  0.5169E+10  0.4732E+01  0.1153E+07  0.4424E+08
    0.3311    0.4365  0.6425E+05  0.1172E+07  0.1786E+04  0.1172E+07  0.3712E+10  0.1185E+01  0.6721E+06  0.2998E+08
    0.4365    0.5754  0.3032E+05  0.5988E+06  0.7058E+03  0.5988E+06  0.2076E+10  0.3001E+00  0.3625E+06  0.1671E+08
    0.5754    0.7586  0.1423E+05  0.3078E+06  0.2719E+03  0.3078E+06  0.1032E+10  0.7679E-01  0.1821E+06  0.7901E+07
    0.7586    1.0000  0.6668E+04  0.1618E+06  0.1048E+03  0.1618E+06  0.4653E+09  0.1982E-01  0.8806E+05  0.3365E+07
    1.0000    1.3183  0.3089E+04  0.8594E+05  0.4005E+02  0.8594E+05  0.1901E+09  0.5158E-02  0.4233E+05  0.1362E+07
    1.3183    1.7378  0.1432E+04  0.4627E+05  0.1522E+02  0.4627E+05  0.7387E+08  0.1351E-02  0.2062E+05  0.5456E+06
    1.7378    2.2909  0.6614E+03  0.2505E+05  0.5739E+01  0.2505E+05  0.2824E+08  0.3561E-03  0.1026E+05  0.2221E+06
    2.2909    3.0200  0.3050E+03  0.1376E+05  0.2166E+01  0.1376E+05  0.1198E+08  0.9433E-04  0.5216E+04  0.9353E+05
    3.0200    3.9811  0.1405E+03  0.7625E+04  0.8058E+00  0.7625E+04  0.5041E+07  0.2510E-04  0.2707E+04  0.4116E+05
    3.9811    5.2481  0.6473E+02  0.4243E+04  0.3002E+00  0.4243E+04  0.2107E+07  0.6708E-05  0.1431E+04  0.1899E+05
    5.2481    6.9183  0.2980E+02  0.2373E+04  0.1114E+00  0.2373E+04  0.9319E+06  0.1799E-05  0.7679E+03  0.9171E+04
    6.9183    9.1201  0.1369E+02  0.1334E+04  0.4168E-01  0.1334E+04  0.4587E+06  0.4838E-06  0.4181E+03  0.4621E+04
    9.1201   12.0226  0.6302E+01  0.7614E+03  0.1548E-01  0.7614E+03  0.2449E+06  0.1305E-06  0.2305E+03  0.2415E+04
   12.0226   15.8489  0.2884E+01  0.4298E+03  0.5670E-02  0.4298E+03  0.1343E+06  0.3526E-07  0.1285E+03  0.1301E+04
   15.8489   20.8930  0.1323E+01  0.2454E+03  0.2086E-02  0.2454E+03  0.7897E+05  0.9551E-08  0.7241E+02  0.7192E+03
   20.8930   27.5423  0.6056E+00  0.1413E+03  0.7636E-03  0.1413E+03  0.4686E+05  0.2591E-08  0.4119E+02  0.4055E+03
   27.5423   36.3078  0.2782E+00  0.8117E+02  0.2801E-03  0.8117E+02  0.2801E+05  0.7042E-09  0.2363E+02  0.2324E+03
   36.3078   47.8630  0.1278E+00  0.4702E+02  0.1018E-03  0.4702E+02  0.1685E+05  0.1916E-09  0.1367E+02  0.1350E+03
   47.8630   63.0957  0.5848E-01  0.2705E+02  0.3710E-04  0.2705E+02  0.1019E+05  0.5220E-10  0.7964E+01  0.7924E+02
   63.0957   83.1764  0.2686E-01  0.1563E+02  0.1359E-04  0.1563E+02  0.6191E+04  0.1423E-10  0.4671E+01  0.4694E+02
   83.1764  109.6478  0.1233E-01  0.9090E+01  0.4908E-05  0.9090E+01  0.3776E+04  0.3885E-11  0.2756E+01  0.2801E+02
  109.6478  144.5440  0.5679E-02  0.5304E+01  0.1790E-05  0.5304E+01  0.2311E+04  0.1061E-11  0.1636E+01  0.1683E+02
  144.5440  190.5461  0.2618E-02  0.3098E+01  0.6516E-06  0.3098E+01  0.1419E+04  0.2900E-12  0.9756E+00  0.1017E+02
  190.5461  251.1887  0.1202E-02  0.1806E+01  0.2364E-06  0.1806E+01  0.8730E+03  0.7932E-13  0.5847E+00  0.6172E+01
  251.1887  331.1311  0.5541E-03  0.1053E+01  0.8523E-07  0.1053E+01  0.5384E+03  0.2171E-13  0.3519E+00  0.3762E+01
  331.1311  436.5159  0.2563E-03  0.6160E+00  0.3085E-07  0.6160E+00  0.3327E+03  0.5942E-14  0.2127E+00  0.2302E+01
  436.5159  575.4399  0.1176E-03  0.3595E+00  0.1111E-07  0.3595E+00  0.2059E+03  0.1627E-14  0.1290E+00  0.1413E+01
  575.4399  758.5778  0.5397E-04  0.2099E+00  0.4028E-08  0.2099E+00  0.1276E+03  0.4458E-15  0.7851E-01  0.8703E+00
  758.5778 1000.0000  0.2477E-04  0.1223E+00  0.1460E-08  0.1223E+00  0.7918E+02  0.1222E-15  0.4794E-01  0.5373E+00
 
 
                       Particle Flux per Energy Bin Table  (#/cm^2/sec)
 
    E1(keV)   E2(keV)    50%          95%         5%          95%       Maximum     Minimum     Mean       Std. Dev.
    0.0010    0.0013  0.8135E+06  0.3846E+07  0.4988E+05  0.3846E+07  0.2537E+08  0.1495E+02  0.1173E+07  0.1318E+07
    0.0013    0.0017  0.1028E+07  0.5080E+07  0.5779E+05  0.5080E+07  0.4759E+08  0.1843E+02  0.1527E+07  0.1789E+07
    0.0017    0.0023  0.1264E+07  0.6536E+07  0.6515E+05  0.6536E+07  0.3702E+08  0.2253E+02  0.1944E+07  0.2363E+07
    0.0023    0.0030  0.1481E+07  0.8269E+07  0.7137E+05  0.8269E+07  0.3884E+08  0.2731E+02  0.2398E+07  0.3037E+07
    0.0030    0.0040  0.1672E+07  0.9792E+07  0.7549E+05  0.9792E+07  0.5219E+08  0.3279E+02  0.2830E+07  0.3750E+07
    0.0040    0.0052  0.1779E+07  0.1070E+08  0.7680E+05  0.1070E+08  0.7874E+08  0.3896E+02  0.3152E+07  0.4359E+07
    0.0052    0.0069  0.1753E+07  0.1136E+08  0.7520E+05  0.1136E+08  0.1140E+09  0.4578E+02  0.3293E+07  0.4758E+07
    0.0069    0.0091  0.1564E+07  0.1152E+08  0.7030E+05  0.1152E+08  0.1533E+09  0.5316E+02  0.3232E+07  0.4968E+07
    0.0091    0.0120  0.1304E+07  0.1050E+08  0.6205E+05  0.1050E+08  0.1846E+09  0.6097E+02  0.3009E+07  0.5174E+07
    0.0120    0.0158  0.1026E+07  0.8957E+07  0.5209E+05  0.8957E+07  0.1908E+09  0.6901E+02  0.2678E+07  0.5482E+07
    0.0158    0.0209  0.7656E+06  0.7237E+07  0.4140E+05  0.7237E+07  0.2247E+09  0.7707E+02  0.2283E+07  0.5806E+07
    0.0209    0.0275  0.5386E+06  0.5646E+07  0.3109E+05  0.5646E+07  0.2328E+09  0.6600E+02  0.1843E+07  0.5760E+07
    0.0275    0.0363  0.3486E+06  0.4338E+07  0.2258E+05  0.4338E+07  0.1937E+09  0.5046E+02  0.1398E+07  0.5296E+07
    0.0363    0.0479  0.2308E+06  0.3196E+07  0.1567E+05  0.3196E+07  0.2060E+09  0.3686E+02  0.9939E+06  0.4423E+07
    0.0479    0.0631  0.1534E+06  0.2235E+07  0.1035E+05  0.2235E+07  0.1761E+09  0.2573E+02  0.6713E+06  0.3310E+07
    0.0631    0.0832  0.1008E+06  0.1533E+07  0.6406E+04  0.1533E+07  0.1395E+09  0.1716E+02  0.4416E+06  0.2307E+07
    0.0832    0.1096  0.6516E+05  0.1053E+07  0.3795E+04  0.1053E+07  0.1377E+09  0.1094E+02  0.2914E+06  0.1793E+07
    0.1096    0.1445  0.4204E+05  0.6874E+06  0.2178E+04  0.6874E+06  0.1916E+09  0.6677E+01  0.1991E+06  0.1898E+07
    0.1445    0.1905  0.2700E+05  0.4295E+06  0.1222E+04  0.4295E+06  0.2662E+09  0.3613E+01  0.1454E+06  0.2482E+07
    0.1905    0.2512  0.1709E+05  0.2784E+06  0.6687E+03  0.2784E+06  0.3606E+09  0.1161E+01  0.1145E+06  0.3228E+07
    0.2512    0.3311  0.1080E+05  0.1847E+06  0.3568E+03  0.1847E+06  0.4132E+09  0.3783E+00  0.9217E+05  0.3536E+07
    0.3311    0.4365  0.6771E+04  0.1236E+06  0.1882E+03  0.1236E+06  0.3912E+09  0.1249E+00  0.7083E+05  0.3160E+07
    0.4365    0.5754  0.4213E+04  0.8318E+05  0.9806E+02  0.8318E+05  0.2885E+09  0.4170E-01  0.5036E+05  0.2321E+07
    0.5754    0.7586  0.2606E+04  0.5638E+05  0.4979E+02  0.5638E+05  0.1890E+09  0.1406E-01  0.3335E+05  0.1447E+07
    0.7586    1.0000  0.1610E+04  0.3906E+05  0.2531E+02  0.3906E+05  0.1123E+09  0.4786E-02  0.2126E+05  0.8123E+06
    1.0000    1.3183  0.9831E+03  0.2735E+05  0.1275E+02  0.2735E+05  0.6050E+08  0.1641E-02  0.1347E+05  0.4336E+06
    1.3183    1.7378  0.6008E+03  0.1941E+05  0.6384E+01  0.1941E+05  0.3099E+08  0.5669E-03  0.8650E+04  0.2289E+06
    1.7378    2.2909  0.3658E+03  0.1385E+05  0.3174E+01  0.1385E+05  0.1562E+08  0.1969E-03  0.5672E+04  0.1228E+06
    2.2909    3.0200  0.2224E+03  0.1003E+05  0.1579E+01  0.1003E+05  0.8736E+07  0.6877E-04  0.3803E+04  0.6819E+05
    3.0200    3.9811  0.1350E+03  0.7329E+04  0.7745E+00  0.7329E+04  0.4845E+07  0.2413E-04  0.2602E+04  0.3956E+05
    3.9811    5.2481  0.8202E+02  0.5376E+04  0.3804E+00  0.5376E+04  0.2670E+07  0.8499E-05  0.1812E+04  0.2406E+05
    5.2481    6.9183  0.4977E+02  0.3963E+04  0.1861E+00  0.3963E+04  0.1556E+07  0.3004E-05  0.1283E+04  0.1532E+05
    6.9183    9.1201  0.3013E+02  0.2937E+04  0.9177E-01  0.2937E+04  0.1010E+07  0.1065E-05  0.9205E+03  0.1017E+05
    9.1201   12.0226  0.1829E+02  0.2210E+04  0.4494E-01  0.2210E+04  0.7108E+06  0.3787E-06  0.6690E+03  0.7009E+04
   12.0226   15.8489  0.1104E+02  0.1645E+04  0.2170E-01  0.1645E+04  0.5138E+06  0.1349E-06  0.4917E+03  0.4980E+04
   15.8489   20.8930  0.6673E+01  0.1238E+04  0.1052E-01  0.1238E+04  0.3983E+06  0.4817E-07  0.3652E+03  0.3628E+04
   20.8930   27.5423  0.4027E+01  0.9398E+03  0.5077E-02  0.9398E+03  0.3116E+06  0.1723E-07  0.2739E+03  0.2697E+04
   27.5423   36.3078  0.2438E+01  0.7115E+03  0.2456E-02  0.7115E+03  0.2455E+06  0.6172E-08  0.2072E+03  0.2037E+04
   36.3078   47.8630  0.1477E+01  0.5433E+03  0.1176E-02  0.5433E+03  0.1947E+06  0.2214E-08  0.1580E+03  0.1560E+04
   47.8630   63.0957  0.8908E+00  0.4121E+03  0.5652E-03  0.4121E+03  0.1552E+06  0.7951E-09  0.1213E+03  0.1207E+04
   63.0957   83.1764  0.5394E+00  0.3139E+03  0.2730E-03  0.3139E+03  0.1243E+06  0.2858E-09  0.9380E+02  0.9425E+03
   83.1764  109.6478  0.3264E+00  0.2406E+03  0.1299E-03  0.2406E+03  0.9996E+05  0.1028E-09  0.7297E+02  0.7416E+03
  109.6478  144.5440  0.1982E+00  0.1851E+03  0.6247E-04  0.1851E+03  0.8065E+05  0.3703E-10  0.5708E+02  0.5873E+03
  144.5440  190.5461  0.1204E+00  0.1425E+03  0.2998E-04  0.1425E+03  0.6526E+05  0.1334E-10  0.4488E+02  0.4677E+03
  190.5461  251.1887  0.7291E-01  0.1095E+03  0.1434E-04  0.1095E+03  0.5294E+05  0.4810E-11  0.3546E+02  0.3743E+03
  251.1887  331.1311  0.4429E-01  0.8422E+02  0.6813E-05  0.8422E+02  0.4304E+05  0.1735E-11  0.2813E+02  0.3008E+03
  331.1311  436.5159  0.2701E-01  0.6491E+02  0.3252E-05  0.6491E+02  0.3506E+05  0.6262E-12  0.2241E+02  0.2426E+03
  436.5159  575.4399  0.1634E-01  0.4994E+02  0.1544E-05  0.4994E+02  0.2860E+05  0.2261E-12  0.1792E+02  0.1963E+03
  575.4399  758.5778  0.9884E-02  0.3844E+02  0.7377E-06  0.3844E+02  0.2337E+05  0.8164E-13  0.1438E+02  0.1594E+03
  758.5778 1000.0000  0.5980E-02  0.2953E+02  0.3526E-06  0.2953E+02  0.1912E+05  0.2949E-13  0.1157E+02  0.1297E+03
  ------------------------------------------------------------------------------------------
           TOTALS:    0.1600E+08  0.1138E+09  0.7922E+06  0.1138E+09  0.4575E+10  0.6801E+03  0.3392E+08  0.8555E+08
