                                       - FLUX SUMMARY -
 L2-CPE V1.3            Kappa-distribution     
 Cartesian (LRAD) Algorithm
 
 
 Phenomenological Region  =>  Solar Wind at SolMax (Ulysses)
 
 
 
 Species  =>  Protons
 
 Positive Y direction flux calculated.
 
 Minimum Energy =     0.0010 keV
 Maximum Energy =  1000.0000 keV
 
 Number of Energy Bins =    50
 
 50% Total Flux        =   0.1039E+08 (#/cm^2/sec)
 95% Total Flux        =   0.9902E+08 (#/cm^2/sec)
  5% Total Flux        =   0.1328E+07 (#/cm^2/sec)
  95% Total Flux       =   0.9902E+08 (#/cm^2/sec)
 Maximum Total Flux    =   0.9674E+09 (#/cm^2/sec)
 Minimum Total Flux    =   0.3963E+05 (#/cm^2/sec)
 Mean Total Flux       =   0.2481E+08 (#/cm^2/sec)
 Std. Dev. Total Flux  =   0.4239E+08 (#/cm^2/sec)
 
 
                        Differential Energy Flux Table  (#/cm^2/sec/keV)
 
    E1(keV)   E2(keV)    50%          95%         5%          95%       Maximum     Minimum     Mean       Std. Dev.
    0.0010    0.0013  0.9997E+09  0.4475E+10  0.1912E+09  0.4475E+10  0.2339E+11  0.6950E+07  0.1492E+10  0.1581E+10
    0.0013    0.0017  0.9378E+09  0.4264E+10  0.1721E+09  0.4264E+10  0.2382E+11  0.5821E+07  0.1420E+10  0.1527E+10
    0.0017    0.0023  0.8674E+09  0.4062E+10  0.1517E+09  0.4062E+10  0.2412E+11  0.4783E+07  0.1335E+10  0.1464E+10
    0.0023    0.0030  0.7849E+09  0.3802E+10  0.1296E+09  0.3802E+10  0.2423E+11  0.3850E+07  0.1236E+10  0.1390E+10
    0.0030    0.0040  0.6857E+09  0.3496E+10  0.1073E+09  0.3496E+10  0.2401E+11  0.3033E+07  0.1125E+10  0.1304E+10
    0.0040    0.0052  0.5809E+09  0.3193E+10  0.8489E+08  0.3193E+10  0.2333E+11  0.2337E+07  0.1002E+10  0.1208E+10
    0.0052    0.0069  0.4785E+09  0.2890E+10  0.6438E+08  0.2890E+10  0.2207E+11  0.1759E+07  0.8719E+09  0.1102E+10
    0.0069    0.0091  0.3812E+09  0.2553E+10  0.4686E+08  0.2553E+10  0.2066E+11  0.1293E+07  0.7385E+09  0.9885E+09
    0.0091    0.0120  0.2890E+09  0.2185E+10  0.3272E+08  0.2185E+10  0.1908E+11  0.9280E+06  0.6074E+09  0.8704E+09
    0.0120    0.0158  0.2079E+09  0.1911E+10  0.2203E+08  0.1911E+10  0.1785E+11  0.6503E+06  0.4841E+09  0.7496E+09
    0.0158    0.0209  0.1400E+09  0.1582E+10  0.1433E+08  0.1582E+10  0.1603E+11  0.4450E+06  0.3734E+09  0.6302E+09
    0.0209    0.0275  0.8930E+08  0.1258E+10  0.8862E+07  0.1258E+10  0.1367E+11  0.2976E+06  0.2785E+09  0.5170E+09
    0.0275    0.0363  0.5406E+08  0.9556E+09  0.5299E+07  0.9556E+09  0.1093E+11  0.1946E+06  0.2007E+09  0.4138E+09
    0.0363    0.0479  0.3089E+08  0.6774E+09  0.3044E+07  0.6774E+09  0.8130E+10  0.1245E+06  0.1394E+09  0.3220E+09
    0.0479    0.0631  0.1687E+08  0.4532E+09  0.1685E+07  0.4532E+09  0.5801E+10  0.7806E+05  0.9313E+08  0.2423E+09
    0.0631    0.0832  0.8915E+07  0.2849E+09  0.9100E+06  0.2849E+09  0.4578E+10  0.4801E+05  0.5958E+08  0.1751E+09
    0.0832    0.1096  0.4644E+07  0.1659E+09  0.4834E+06  0.1659E+09  0.3328E+10  0.2900E+05  0.3641E+08  0.1208E+09
    0.1096    0.1445  0.2358E+07  0.9090E+08  0.2501E+06  0.9090E+08  0.2214E+10  0.1219E+05  0.2123E+08  0.7925E+08
    0.1445    0.1905  0.1175E+07  0.4755E+08  0.1267E+06  0.4755E+08  0.1347E+10  0.1486E+04  0.1182E+08  0.4919E+08
    0.1905    0.2512  0.5772E+06  0.2408E+08  0.6500E+05  0.2408E+08  0.8560E+09  0.1533E+03  0.6286E+07  0.2868E+08
    0.2512    0.3311  0.2793E+06  0.1176E+08  0.3273E+05  0.1176E+08  0.5325E+09  0.1360E+02  0.3209E+07  0.1568E+08
    0.3311    0.4365  0.1340E+06  0.5552E+07  0.1637E+05  0.5552E+07  0.3099E+09  0.1057E+01  0.1582E+07  0.8099E+07
    0.4365    0.5754  0.6395E+05  0.2626E+07  0.8081E+04  0.2626E+07  0.1684E+09  0.7327E-01  0.7593E+06  0.4000E+07
    0.5754    0.7586  0.3048E+05  0.1234E+07  0.3946E+04  0.1234E+07  0.8623E+08  0.4609E-02  0.3573E+06  0.1914E+07
    0.7586    1.0000  0.1445E+05  0.5589E+06  0.1936E+04  0.5589E+06  0.4206E+08  0.2674E-03  0.1660E+06  0.8965E+06
    1.0000    1.3183  0.6850E+04  0.2566E+06  0.9426E+03  0.2566E+06  0.1975E+08  0.1451E-04  0.7648E+05  0.4145E+06
    1.3183    1.7378  0.3241E+04  0.1158E+06  0.4567E+03  0.1158E+06  0.9013E+07  0.7457E-06  0.3511E+05  0.1902E+06
    1.7378    2.2909  0.1531E+04  0.5233E+05  0.2206E+03  0.5233E+05  0.4028E+07  0.3665E-07  0.1610E+05  0.8701E+05
    2.2909    3.0200  0.7238E+03  0.2372E+05  0.1060E+03  0.2372E+05  0.1774E+07  0.1738E-08  0.7387E+04  0.3983E+05
    3.0200    3.9811  0.3391E+03  0.1058E+05  0.5078E+02  0.1058E+05  0.7740E+06  0.8004E-10  0.3398E+04  0.1829E+05
    3.9811    5.2481  0.1587E+03  0.4737E+04  0.2407E+02  0.4737E+04  0.3355E+06  0.3601E-11  0.1568E+04  0.8447E+04
    5.2481    6.9183  0.7428E+02  0.2165E+04  0.1147E+02  0.2165E+04  0.1449E+06  0.1590E-12  0.7269E+03  0.3930E+04
    6.9183    9.1201  0.3484E+02  0.9853E+03  0.5463E+01  0.9853E+03  0.6247E+05  0.6914E-14  0.3384E+03  0.1845E+04
    9.1201   12.0226  0.1630E+02  0.4442E+03  0.2594E+01  0.4442E+03  0.2691E+05  0.2970E-15  0.1584E+03  0.8744E+03
   12.0226   15.8489  0.7626E+01  0.2040E+03  0.1232E+01  0.2040E+03  0.1265E+05  0.1263E-16  0.7448E+02  0.4189E+03
   15.8489   20.8930  0.3548E+01  0.9246E+02  0.5846E+00  0.9246E+02  0.6943E+04  0.5329E-18  0.3521E+02  0.2030E+03
   20.8930   27.5423  0.1648E+01  0.4298E+02  0.2779E+00  0.4298E+02  0.3797E+04  0.2233E-19  0.1674E+02  0.9945E+02
   27.5423   36.3078  0.7671E+00  0.1963E+02  0.1321E+00  0.1963E+02  0.2072E+04  0.9310E-21  0.7999E+01  0.4929E+02
   36.3078   47.8630  0.3568E+00  0.9049E+01  0.6266E-01  0.9049E+01  0.1128E+04  0.3864E-22  0.3844E+01  0.2470E+02
   47.8630   63.0957  0.1658E+00  0.4192E+01  0.2975E-01  0.4192E+01  0.6127E+03  0.1598E-23  0.1857E+01  0.1251E+02
   63.0957   83.1764  0.7696E-01  0.1960E+01  0.1408E-01  0.1960E+01  0.3324E+03  0.6586E-25  0.9022E+00  0.6400E+01
   83.1764  109.6478  0.3553E-01  0.9181E+00  0.6653E-02  0.9181E+00  0.1800E+03  0.2708E-26  0.4406E+00  0.3303E+01
  109.6478  144.5440  0.1640E-01  0.4418E+00  0.3130E-02  0.4418E+00  0.9742E+02  0.1007E-27  0.2163E+00  0.1719E+01
  144.5440  190.5461  0.7500E-02  0.2122E+00  0.1476E-02  0.2122E+00  0.5266E+02  0.1000E-32  0.1068E+00  0.9014E+00
  190.5461  251.1887  0.3436E-02  0.1006E+00  0.6944E-03  0.1006E+00  0.2844E+02  0.1000E-32  0.5296E-01  0.4757E+00
  251.1887  331.1311  0.1570E-02  0.4848E-01  0.3264E-03  0.4848E-01  0.1535E+02  0.1000E-32  0.2640E-01  0.2525E+00
  331.1311  436.5159  0.7164E-03  0.2326E-01  0.1525E-03  0.2326E-01  0.8276E+01  0.1000E-32  0.1323E-01  0.1347E+00
  436.5159  575.4399  0.3259E-03  0.1139E-01  0.7124E-04  0.1139E-01  0.4527E+01  0.1000E-32  0.6659E-02  0.7218E-01
  575.4399  758.5778  0.1483E-03  0.5603E-02  0.3319E-04  0.5603E-02  0.2493E+01  0.1000E-32  0.3368E-02  0.3883E-01
  758.5778 1000.0000  0.6771E-04  0.2662E-02  0.1546E-04  0.2662E-02  0.1373E+01  0.1000E-32  0.1711E-02  0.2096E-01
 
 
                       Particle Flux per Energy Bin Table  (#/cm^2/sec)
 
    E1(keV)   E2(keV)    50%          95%         5%          95%       Maximum     Minimum     Mean       Std. Dev.
    0.0010    0.0013  0.3182E+06  0.1424E+07  0.6085E+05  0.1424E+07  0.7445E+07  0.2212E+04  0.4748E+06  0.5033E+06
    0.0013    0.0017  0.3934E+06  0.1789E+07  0.7220E+05  0.1789E+07  0.9993E+07  0.2442E+04  0.5956E+06  0.6408E+06
    0.0017    0.0023  0.4798E+06  0.2247E+07  0.8391E+05  0.2247E+07  0.1334E+08  0.2645E+04  0.7381E+06  0.8098E+06
    0.0023    0.0030  0.5723E+06  0.2772E+07  0.9445E+05  0.2772E+07  0.1766E+08  0.2807E+04  0.9012E+06  0.1014E+07
    0.0030    0.0040  0.6591E+06  0.3360E+07  0.1032E+06  0.3360E+07  0.2307E+08  0.2915E+04  0.1081E+07  0.1254E+07
    0.0040    0.0052  0.7360E+06  0.4045E+07  0.1076E+06  0.4045E+07  0.2956E+08  0.2961E+04  0.1270E+07  0.1530E+07
    0.0052    0.0069  0.7993E+06  0.4828E+07  0.1075E+06  0.4828E+07  0.3686E+08  0.2938E+04  0.1456E+07  0.1840E+07
    0.0069    0.0091  0.8394E+06  0.5621E+07  0.1032E+06  0.5621E+07  0.4548E+08  0.2847E+04  0.1626E+07  0.2177E+07
    0.0091    0.0120  0.8389E+06  0.6341E+07  0.9496E+05  0.6341E+07  0.5538E+08  0.2693E+04  0.1763E+07  0.2526E+07
    0.0120    0.0158  0.7953E+06  0.7313E+07  0.8431E+05  0.7313E+07  0.6831E+08  0.2488E+04  0.1852E+07  0.2868E+07
    0.0158    0.0209  0.7060E+06  0.7977E+07  0.7228E+05  0.7977E+07  0.8088E+08  0.2245E+04  0.1884E+07  0.3179E+07
    0.0209    0.0275  0.5938E+06  0.8367E+07  0.5892E+05  0.8367E+07  0.9088E+08  0.1979E+04  0.1852E+07  0.3438E+07
    0.0275    0.0363  0.4739E+06  0.8376E+07  0.4645E+05  0.8376E+07  0.9583E+08  0.1705E+04  0.1759E+07  0.3627E+07
    0.0363    0.0479  0.3569E+06  0.7828E+07  0.3517E+05  0.7828E+07  0.9394E+08  0.1439E+04  0.1611E+07  0.3721E+07
    0.0479    0.0631  0.2569E+06  0.6903E+07  0.2566E+05  0.6903E+07  0.8837E+08  0.1189E+04  0.1419E+07  0.3691E+07
    0.0631    0.0832  0.1790E+06  0.5720E+07  0.1827E+05  0.5720E+07  0.9193E+08  0.9641E+03  0.1196E+07  0.3516E+07
    0.0832    0.1096  0.1229E+06  0.4393E+07  0.1280E+05  0.4393E+07  0.8809E+08  0.7678E+03  0.9638E+06  0.3197E+07
    0.1096    0.1445  0.8229E+05  0.3172E+07  0.8727E+04  0.3172E+07  0.7726E+08  0.4253E+03  0.7409E+06  0.2765E+07
    0.1445    0.1905  0.5406E+05  0.2187E+07  0.5827E+04  0.2187E+07  0.6197E+08  0.6837E+02  0.5436E+06  0.2263E+07
    0.1905    0.2512  0.3501E+05  0.1460E+07  0.3942E+04  0.1460E+07  0.5191E+08  0.9298E+01  0.3812E+06  0.1739E+07
    0.2512    0.3311  0.2232E+05  0.9404E+06  0.2616E+04  0.9404E+06  0.4257E+08  0.1088E+01  0.2566E+06  0.1254E+07
    0.3311    0.4365  0.1412E+05  0.5851E+06  0.1725E+04  0.5851E+06  0.3266E+08  0.1114E+00  0.1668E+06  0.8535E+06
    0.4365    0.5754  0.8885E+04  0.3648E+06  0.1123E+04  0.3648E+06  0.2339E+08  0.1018E-01  0.1055E+06  0.5556E+06
    0.5754    0.7586  0.5582E+04  0.2260E+06  0.7226E+03  0.2260E+06  0.1579E+08  0.8441E-03  0.6544E+05  0.3505E+06
    0.7586    1.0000  0.3488E+04  0.1349E+06  0.4673E+03  0.1349E+06  0.1015E+08  0.6456E-04  0.4007E+05  0.2164E+06
    1.0000    1.3183  0.2180E+04  0.8166E+05  0.3000E+03  0.8166E+05  0.6286E+07  0.4619E-05  0.2434E+05  0.1319E+06
    1.3183    1.7378  0.1360E+04  0.4859E+05  0.1916E+03  0.4859E+05  0.3781E+07  0.3129E-06  0.1473E+05  0.7979E+05
    1.7378    2.2909  0.8470E+03  0.2894E+05  0.1220E+03  0.2894E+05  0.2228E+07  0.2027E-07  0.8903E+04  0.4812E+05
    2.2909    3.0200  0.5277E+03  0.1729E+05  0.7729E+02  0.1729E+05  0.1294E+07  0.1267E-08  0.5386E+04  0.2904E+05
    3.0200    3.9811  0.3259E+03  0.1017E+05  0.4881E+02  0.1017E+05  0.7439E+06  0.7692E-10  0.3266E+04  0.1758E+05
    3.9811    5.2481  0.2010E+03  0.6001E+04  0.3050E+02  0.6001E+04  0.4251E+06  0.4563E-11  0.1987E+04  0.1070E+05
    5.2481    6.9183  0.1241E+03  0.3616E+04  0.1915E+02  0.3616E+04  0.2420E+06  0.2656E-12  0.1214E+04  0.6564E+04
    6.9183    9.1201  0.7671E+02  0.2170E+04  0.1203E+02  0.2170E+04  0.1375E+06  0.1522E-13  0.7452E+03  0.4062E+04
    9.1201   12.0226  0.4731E+02  0.1289E+04  0.7530E+01  0.1289E+04  0.7812E+05  0.8621E-15  0.4596E+03  0.2538E+04
   12.0226   15.8489  0.2918E+02  0.7805E+03  0.4715E+01  0.7805E+03  0.4842E+05  0.4833E-16  0.2850E+03  0.1603E+04
   15.8489   20.8930  0.1790E+02  0.4664E+03  0.2949E+01  0.4664E+03  0.3502E+05  0.2688E-17  0.1776E+03  0.1024E+04
   20.8930   27.5423  0.1096E+02  0.2858E+03  0.1848E+01  0.2858E+03  0.2525E+05  0.1485E-18  0.1113E+03  0.6613E+03
   27.5423   36.3078  0.6724E+01  0.1720E+03  0.1158E+01  0.1720E+03  0.1816E+05  0.8161E-20  0.7012E+02  0.4321E+03
   36.3078   47.8630  0.4123E+01  0.1046E+03  0.7240E+00  0.1046E+03  0.1303E+05  0.4465E-21  0.4442E+02  0.2854E+03
   47.8630   63.0957  0.2526E+01  0.6386E+02  0.4532E+00  0.6386E+02  0.9333E+04  0.2434E-22  0.2829E+02  0.1906E+03
   63.0957   83.1764  0.1545E+01  0.3935E+02  0.2827E+00  0.3935E+02  0.6674E+04  0.1323E-23  0.1812E+02  0.1285E+03
   83.1764  109.6478  0.9405E+00  0.2430E+02  0.1761E+00  0.2430E+02  0.4766E+04  0.7169E-25  0.1166E+02  0.8744E+02
  109.6478  144.5440  0.5722E+00  0.1542E+02  0.1092E+00  0.1542E+02  0.3400E+04  0.3512E-26  0.7549E+01  0.5999E+02
  144.5440  190.5461  0.3450E+00  0.9762E+01  0.6791E-01  0.9762E+01  0.2422E+04  0.4600E-31  0.4911E+01  0.4146E+02
  190.5461  251.1887  0.2084E+00  0.6104E+01  0.4211E-01  0.6104E+01  0.1725E+04  0.6064E-31  0.3212E+01  0.2885E+02
  251.1887  331.1311  0.1255E+00  0.3875E+01  0.2609E-01  0.3875E+01  0.1227E+04  0.7994E-31  0.2111E+01  0.2018E+02
  331.1311  436.5159  0.7550E-01  0.2452E+01  0.1607E-01  0.2452E+01  0.8722E+03  0.1054E-30  0.1394E+01  0.1419E+02
  436.5159  575.4399  0.4528E-01  0.1582E+01  0.9897E-02  0.1582E+01  0.6290E+03  0.1389E-30  0.9251E+00  0.1003E+02
  575.4399  758.5778  0.2716E-01  0.1026E+01  0.6078E-02  0.1026E+01  0.4566E+03  0.1831E-30  0.6168E+00  0.7111E+01
  758.5778 1000.0000  0.1635E-01  0.6426E+00  0.3733E-02  0.6426E+00  0.3314E+03  0.2414E-30  0.4131E+00  0.5061E+01
  ------------------------------------------------------------------------------------------
           TOTALS:    0.9353E+07  0.9858E+08  0.1208E+07  0.9858E+08  0.1268E+10  0.3774E+05  0.2481E+08  0.4986E+08
