3.000000000000000279e-04 9.518074179837692645e+04
6.000000000000000559e-04 4.365533406353609280e+03
9.000000000000000838e-04 2.285359067753012823e+03
1.200000000000000112e-03 1.499376692457543868e+03
1.500000000000000031e-03 1.121751064227263669e+03
1.800000000000000168e-03 8.734421331439955338e+02
2.099999999999999870e-03 7.095738930497916499e+02
2.400000000000000223e-03 5.992661353882889443e+02
2.700000000000000143e-03 5.113218359450330581e+02
3.000000000000000062e-03 4.585254383347885891e+02
3.300000000000000416e-03 4.057290407245439496e+02
3.600000000000000335e-03 3.646175500333335435e+02
3.900000000000000255e-03 3.212510773051164392e+02
4.199999999999999740e-03 2.967444543409542348e+02
4.500000000000000527e-03 2.804004936264520893e+02
4.800000000000000447e-03 2.526511692206441069e+02
5.100000000000000366e-03 2.396244548085153383e+02
5.400000000000000286e-03 2.229264060055576522e+02
5.700000000000000205e-03 2.064892642151461928e+02
6.000000000000000125e-03 1.932948238663805398e+02
6.300000000000000912e-03 1.826889538063769578e+02
6.600000000000000831e-03 1.709760925645701377e+02
6.899999999999999883e-03 1.600366342528110408e+02
7.200000000000000670e-03 1.531505527431091878e+02
7.500000000000000590e-03 1.458134748260060292e+02
7.800000000000000509e-03 1.389180752087132475e+02
8.100000000000001296e-03 1.309976837564175014e+02
8.399999999999999481e-03 1.263125392596947449e+02
8.700000000000001135e-03 1.219050743691819321e+02
9.000000000000001055e-03 1.181424225239618977e+02
9.300000000000000974e-03 1.122850600922994033e+02
9.600000000000000894e-03 1.099685785451926847e+02
9.900000000000000813e-03 1.039863534718116114e+02
1.020000000000000073e-02 9.825012643883130181e+01
1.050000000000000065e-02 9.570069220195115633e+01
1.080000000000000057e-02 9.208153921363152961e+01
1.110000000000000223e-02 8.893015522637691106e+01
1.140000000000000041e-02 8.472209783831013397e+01
1.170000000000000033e-02 8.264788708856772814e+01
1.200000000000000025e-02 7.878832692440194307e+01
1.230000000000000017e-02 7.780992562735366391e+01
1.260000000000000182e-02 7.305209989142163352e+01
1.290000000000000174e-02 6.988394331050329811e+01
1.320000000000000166e-02 6.742023566345977770e+01
1.349999999999999985e-02 6.447571366472394061e+01
1.379999999999999977e-02 6.287672640211928154e+01
1.410000000000000142e-02 5.766044977271320704e+01
1.440000000000000134e-02 5.699513689072036726e+01
1.470000000000000126e-02 5.370398128960169970e+01
1.500000000000000118e-02 4.515741300719501794e+01
