1.000000000000000000e+02 2.700010000000000218e+03
2.000000000000000284e+02 1.350000000000000000e+04
4.000000000000001137e+02 4.320000000000000000e+04
8.000000000000003411e+02 1.320000000000000000e+05
1.600000000000000909e+03 4.000000000000000000e+05
3.200000000000002274e+03 1.280000000000000000e+06
6.399999999999998181e+03 4.200000000000000000e+06
1.280000000000001273e+04 1.440000000000000000e+07
2.560000000000002910e+04 5.040000000000000000e+07
5.120000000000005821e+04 1.760000000000000000e+08
1.024000000000001310e+05 6.080000000000000000e+08
2.048000000000002910e+05 2.064000000000000000e+09
4.095999999999998254e+05 6.500000000000000000e+09
