6.159158250198451015e+02
5.901297671812200178e+02
5.588607791495400079e+02
5.263974894916499352e+02
4.959247025441100618e+02
4.623394931767500111e+02
4.287180928510200602e+02
3.938481044615249971e+02
3.578923873209300268e+02
3.220090520970750276e+02
2.881705060211250498e+02
2.552729248627950085e+02
2.245287057274800020e+02
1.988874117223350311e+02
1.750828088544675154e+02
1.539744323851650165e+02
1.365340095466619914e+02
1.206624647534985257e+02
1.071541895418960166e+02
9.452173552284749292e+01
8.395035658297049963e+01
7.443394407957899261e+01
6.558344521019549234e+01
5.781324644815649805e+01
5.173859408575199836e+01
4.573813318800599603e+01
4.007786729893800270e+01
3.542732914839299951e+01
3.139565638597499841e+01
2.714683787333699883e+01
2.360012395307700572e+01
2.028141307054799825e+01
1.718853376824780099e+01
1.499246641435619942e+01
1.302621164611410087e+01
1.122046377824294972e+01
9.526365016943248776e+00
7.873704902977200604e+00
6.665469757794749484e+00
5.650856239891799859e+00
4.689986295168299790e+00
3.696363533119950251e+00
3.120565385453249796e+00
2.666549812701600075e+00
2.309526008381550088e+00
1.993940851395149760e+00
1.685268167457420363e+00
1.525756518441645060e+00
1.249492837724250016e+00
1.051112099419095003e+00
