4.388986869180569192e+04
2.078137275470369786e+03
1.049990023921421198e+03
6.091927516564189773e+02
3.703507150107380426e+02
2.249371591999600071e+02
1.351105659946897788e+02
7.664317819138830146e+01
4.103114161226280743e+01
1.923899818237600101e+01
8.307847842927140292e+00
3.158522746708119833e+00
1.287512091706845219e+00
7.607902711686751474e-01
6.457540809090169809e-01
5.616196273915400328e-01
5.768625554627270224e-01
5.380590873242129257e-01
5.122744901361789838e-01
5.373358167158530652e-01
4.583185027525230049e-01
5.137391131181079373e-01
4.616455475509789186e-01
4.441423988286670177e-01
4.027894017956840100e-01
3.916510344269399924e-01
3.745095210088079662e-01
4.211423934828190108e-01
3.983593693194790175e-01
3.670959972731179799e-01
3.706219414888729524e-01
3.041172090501709779e-01
3.192516465301039608e-01
3.293231897515170314e-01
3.029961396072130553e-01
2.995063589218759925e-01
3.302815233075939716e-01
3.182029041479819687e-01
3.231392260500389746e-01
3.174073064787860110e-01
2.449898368167410245e-01
2.478105921893450081e-01
2.531627946912090033e-01
2.588585507320440016e-01
2.265464363035610273e-01
2.334717523786080384e-01
2.369976965943629832e-01
2.272154616162940233e-01
2.124426594405409985e-01
2.586596513147449983e-01
