'*',    54,     1,    25,    22,     5,     5,    75,     1
'SPENVIS 4.6.10.3408          -  4-May-2021 23:55:20'
'PRJ_DEF', -1,'TEST_PROJECT'
'PRJ_HDR', -1,'My Test Project'
'MOD_ABB', -1,'SEP'
'MIS_PLA',  1,   -3,' '
'MIS_NTR',  1,    1,' '
'MIS_STA',  1,   9862.00000000,' '
'MIS_END',  1,  10592.00000000,' '
'MIS_DUR',  1, 7.300000E+02,'days'
'SEP_IEL',  1,  1,' '
'SEP_JEL',  1,  1,' '
'SEP_MOD', -1,'ESP-PSYCHIC total fluence'
'SEP_TMI',  1,  2.0,'years'
'SEP_TMA',  1,  0.0,'years'
'SEP_DUR',  1,  2.0,'years'
'SEP_NCY',  1,  1,' '
'SEP_NOR',  1,  0,' '
'SEP_NAL',  1,  0,' '
'SEP_PRB',  1,  95.0,'%'
'SEP_OMN',  1, 1, ' '
'SEP_ABS', -1,'Energy'
'SEP_IGC',  1,  0,' '
'SEP_IGV',  1,  1,' '
'SEP_IST',  1,  0,' '
'PLT_HDR', -1,'ESP-PSYCHIC total fluence: solar protons'
'SPECIES', -1,'proton'
'PS Annotation',  8,  1
'Mission start: 01/01/1977 00:00:00'
 0.05, 0.00, 0.00
'Mission end: 01/01/1979 00:00:00'
 0.95, 0.00, 1.00
'Nr. of segments:   1'
 0.05, 1.50, 0.00
'Duration: 730.00 days'
 0.95, 0.00, 1.00
'PS Annotation', 12,  0
'Solar particle model: ESP-PSYCHIC total fluence'
 0.05, 2.00, 0.00
'Mission duration: 2.00 years, spanning 1 solar cycles'
 0.10, 1.50, 0.00
'2.00 years in solar maximum'
 0.15, 1.50, 0.00
'0.00 years in solar minimum'
 0.15, 1.50, 0.00
'Confidence level: 95.000%'
 0.10, 1.50, 0.00
'Magnetic shielding:    off'
 0.10, 1.50, 0.00
'Energy','MeV', 1,'Energy'
'IFlux','cm!u-2!n', 1,'Integral Fluence'
'DFlux','cm!u-2!n MeV!u-1!n', 1,'Differential Fluence'
'Attenuation',' ', 1,'Orbit Averaged Proton Attenuation Factor'
'Exposure','hrs', 1,'Proton Exposure Time'
  1.0000E-01,  1.8195E+12,  1.1459E+13, 1.0000, 1.7520E+04
  1.1000E-01,  1.7123E+12,  9.9735E+12, 1.0000, 1.7520E+04
  1.2000E-01,  1.6200E+12,  8.6788E+12, 1.0000, 1.7520E+04
  1.4000E-01,  1.4685E+12,  6.7804E+12, 1.0000, 1.7520E+04
  1.6000E-01,  1.3488E+12,  5.4301E+12, 1.0000, 1.7520E+04
  1.8000E-01,  1.2513E+12,  4.4672E+12, 1.0000, 1.7520E+04
  2.0000E-01,  1.1701E+12,  3.7531E+12, 1.0000, 1.7520E+04
  2.2000E-01,  1.1012E+12,  3.2154E+12, 1.0000, 1.7520E+04
  2.5000E-01,  1.0151E+12,  2.6131E+12, 1.0000, 1.7520E+04
  2.8000E-01,  9.4438E+11,  2.1713E+12, 1.0000, 1.7520E+04
  3.2000E-01,  8.6739E+11,  1.7415E+12, 1.0000, 1.7520E+04
  3.5000E-01,  8.1927E+11,  1.5034E+12, 1.0000, 1.7520E+04
  4.0000E-01,  7.5247E+11,  1.2118E+12, 1.0000, 1.7520E+04
  4.5000E-01,  6.9809E+11,  9.9690E+11, 1.0000, 1.7520E+04
  5.0000E-01,  6.5278E+11,  8.3755E+11, 1.0000, 1.7520E+04
  5.5000E-01,  6.1434E+11,  7.1792E+11, 1.0000, 1.7520E+04
  6.3000E-01,  5.6344E+11,  5.7630E+11, 1.0000, 1.7520E+04
  7.1000E-01,  5.2213E+11,  4.7318E+11, 1.0000, 1.7520E+04
  8.0000E-01,  4.8391E+11,  3.8915E+11, 1.0000, 1.7520E+04
  9.0000E-01,  4.4894E+11,  3.2055E+11, 1.0000, 1.7520E+04
  1.0000E+00,  4.1980E+11,  2.6931E+11, 1.0000, 1.7520E+04
  1.1000E+00,  3.9508E+11,  2.3012E+11, 1.0000, 1.7520E+04
  1.2000E+00,  3.7378E+11,  2.0025E+11, 1.0000, 1.7520E+04
  1.4000E+00,  3.3883E+11,  1.5644E+11, 1.0000, 1.7520E+04
  1.6000E+00,  3.1120E+11,  1.2529E+11, 1.0000, 1.7520E+04
  1.8000E+00,  2.8871E+11,  1.0307E+11, 1.0000, 1.7520E+04
  2.0000E+00,  2.6997E+11,  8.6596E+10, 1.0000, 1.7520E+04
  2.2000E+00,  2.5407E+11,  7.4190E+10, 1.0000, 1.7520E+04
  2.5000E+00,  2.3421E+11,  6.0292E+10, 1.0000, 1.7520E+04
  2.8000E+00,  2.1790E+11,  5.2375E+10, 1.0000, 1.7520E+04
  3.2000E+00,  1.9801E+11,  4.7473E+10, 1.0000, 1.7520E+04
  3.5000E+00,  1.8427E+11,  4.2655E+10, 1.0000, 1.7520E+04
  4.0000E+00,  1.6555E+11,  3.3647E+10, 1.0000, 1.7520E+04
  4.5000E+00,  1.5063E+11,  2.7135E+10, 1.0000, 1.7520E+04
  5.0000E+00,  1.3842E+11,  2.3893E+10, 1.0000, 1.7520E+04
  5.5000E+00,  1.2673E+11,  2.1577E+10, 1.0000, 1.7520E+04
  6.3000E+00,  1.1177E+11,  1.6769E+10, 1.0000, 1.7520E+04
  7.1000E+00,  9.9903E+10,  1.3936E+10, 1.0000, 1.7520E+04
  8.0000E+00,  8.8266E+10,  1.1616E+10, 1.0000, 1.7520E+04
  9.0000E+00,  7.8111E+10,  9.1225E+09, 1.0000, 1.7520E+04
  1.0000E+01,  7.0021E+10,  7.7734E+09, 1.0000, 1.7520E+04
  1.1000E+01,  6.2564E+10,  6.7845E+09, 1.0000, 1.7520E+04
  1.2000E+01,  5.6452E+10,  5.6412E+09, 1.0000, 1.7520E+04
  1.4000E+01,  4.7052E+10,  4.1613E+09, 1.0000, 1.7520E+04
  1.6000E+01,  3.9807E+10,  3.2526E+09, 1.0000, 1.7520E+04
  1.8000E+01,  3.4042E+10,  2.5525E+09, 1.0000, 1.7520E+04
  2.0000E+01,  2.9597E+10,  2.0607E+09, 1.0000, 1.7520E+04
  2.2000E+01,  2.5799E+10,  1.7179E+09, 1.0000, 1.7520E+04
  2.5000E+01,  2.1459E+10,  1.2976E+09, 1.0000, 1.7520E+04
  2.8000E+01,  1.8014E+10,  1.0249E+09, 1.0000, 1.7520E+04
  3.2000E+01,  1.4574E+10,  7.4634E+08, 1.0000, 1.7520E+04
  3.5000E+01,  1.2590E+10,  6.0508E+08, 1.0000, 1.7520E+04
  4.0000E+01,  1.0032E+10,  4.4563E+08, 1.0000, 1.7520E+04
  4.5000E+01,  8.1341E+09,  3.3288E+08, 1.0000, 1.7520E+04
  5.0000E+01,  6.7032E+09,  2.5423E+08, 1.0000, 1.7520E+04
  5.5000E+01,  5.5919E+09,  2.0023E+08, 1.0000, 1.7520E+04
  6.3000E+01,  4.2721E+09,  1.4025E+08, 1.0000, 1.7520E+04
  7.1000E+01,  3.3479E+09,  1.0036E+08, 1.0000, 1.7520E+04
  8.0000E+01,  2.5982E+09,  7.2013E+07, 1.0000, 1.7520E+04
  9.0000E+01,  2.0034E+09,  5.1140E+07, 1.0000, 1.7520E+04
  1.0000E+02,  1.5754E+09,  3.6705E+07, 1.0000, 1.7520E+04
  1.1000E+02,  1.2693E+09,  2.6667E+07, 1.0000, 1.7520E+04
  1.2000E+02,  1.0421E+09,  2.0440E+07, 1.0000, 1.7520E+04
  1.4000E+02,  7.2457E+08,  1.2945E+07, 1.0000, 1.7520E+04
  1.6000E+02,  5.2429E+08,  8.3157E+06, 1.0000, 1.7520E+04
  1.8000E+02,  3.9194E+08,  5.5845E+06, 1.0000, 1.7520E+04
  2.0000E+02,  3.0091E+08,  3.9140E+06, 1.0000, 1.7520E+04
  2.2000E+02,  2.3538E+08,  2.8566E+06, 1.0000, 1.7520E+04
  2.5000E+02,  1.6857E+08,  1.8671E+06, 1.0000, 1.7520E+04
  2.8000E+02,  1.2336E+08,  1.2693E+06, 1.0000, 1.7520E+04
  3.2000E+02,  8.5270E+07,  7.6455E+05, 1.0000, 1.7520E+04
  3.5000E+02,  6.6555E+07,  5.4402E+05, 1.0000, 1.7520E+04
  4.0000E+02,  4.6006E+07,  3.3337E+05, 1.0000, 1.7520E+04
  4.5000E+02,  3.3217E+07,  2.1184E+05, 1.0000, 1.7520E+04
  5.0000E+02,  2.4822E+07,  1.2398E+05, 1.0000, 1.7520E+04
'End of Block'
'*',    52,     1,    25,    22,     3,     3,    75,     0
'SPENVIS 4.6.10.3408          -  4-May-2021 23:55:20'
'PRJ_DEF', -1,'TEST_PROJECT'
'PRJ_HDR', -1,'My Test Project'
'MOD_ABB', -1,'SEP'
'MIS_PLA',  1,   -3,' '
'MIS_NTR',  1,    1,' '
'MIS_STA',  1,   9862.00000000,' '
'MIS_END',  1,  10592.00000000,' '
'MIS_DUR',  1, 7.300000E+02,'days'
'SEP_IEL',  1,  1,' '
'SEP_JEL',  1,  1,' '
'SEP_MOD', -1,'ESP-PSYCHIC total fluence'
'SEP_TMI',  1,  2.0,'years'
'SEP_TMA',  1,  0.0,'years'
'SEP_DUR',  1,  2.0,'years'
'SEP_NCY',  1,  1,' '
'SEP_NOR',  1,  0,' '
'SEP_NAL',  1,  0,' '
'SEP_PRB',  1,  95.0,'%'
'SEP_OMN',  1, 1, ' '
'SEP_ABS', -1,'Energy'
'SEP_IGC',  1,  0,' '
'SEP_IGV',  1,  1,' '
'SEP_IST',  1,  0,' '
'PLT_HDR', -1,'ESP-PSYCHIC total fluence: solar ions'
'SPECIES', -1,'H '
'PS Annotation',  8,  1
'Mission start: 01/01/1977 00:00:00'
 0.05, 0.00, 0.00
'Mission end: 01/01/1979 00:00:00'
 0.95, 0.00, 1.00
'Nr. of segments:   1'
 0.05, 1.50, 0.00
'Duration: 730.00 days'
 0.95, 0.00, 1.00
'PS Annotation', 12,  0
'Solar particle model: ESP-PSYCHIC total fluence'
 0.05, 2.00, 0.00
'Mission duration: 2.00 years, spanning 1 solar cycles'
 0.10, 1.50, 0.00
'2.00 years in solar maximum'
 0.15, 1.50, 0.00
'0.00 years in solar minimum'
 0.15, 1.50, 0.00
'Confidence level: 95.000%'
 0.10, 1.50, 0.00
'Magnetic shielding:    off'
 0.10, 1.50, 0.00
'Energy','MeV/n', 1,'Energy'
'IFlux','cm!u-2!n',  1,'Integral Fluence of ','SPECIES'
'DFlux','cm!u-2!n (MeV/n)!u-1!n',  1,'Differential Fluence of ','SPECIES'
  1.0000E-01,  1.8195E+12,  1.1459E+13
  1.1000E-01,  1.7123E+12,  9.9735E+12
  1.2000E-01,  1.6200E+12,  8.6788E+12
  1.4000E-01,  1.4685E+12,  6.7804E+12
  1.6000E-01,  1.3488E+12,  5.4301E+12
  1.8000E-01,  1.2513E+12,  4.4672E+12
  2.0000E-01,  1.1701E+12,  3.7531E+12
  2.2000E-01,  1.1012E+12,  3.2154E+12
  2.5000E-01,  1.0151E+12,  2.6131E+12
  2.8000E-01,  9.4438E+11,  2.1713E+12
  3.2000E-01,  8.6739E+11,  1.7415E+12
  3.5000E-01,  8.1927E+11,  1.5034E+12
  4.0000E-01,  7.5247E+11,  1.2118E+12
  4.5000E-01,  6.9809E+11,  9.9690E+11
  5.0000E-01,  6.5278E+11,  8.3755E+11
  5.5000E-01,  6.1434E+11,  7.1792E+11
  6.3000E-01,  5.6344E+11,  5.7630E+11
  7.1000E-01,  5.2213E+11,  4.7318E+11
  8.0000E-01,  4.8391E+11,  3.8915E+11
  9.0000E-01,  4.4894E+11,  3.2055E+11
  1.0000E+00,  4.1980E+11,  2.6931E+11
  1.1000E+00,  3.9508E+11,  2.3012E+11
  1.2000E+00,  3.7378E+11,  2.0025E+11
  1.4000E+00,  3.3883E+11,  1.5644E+11
  1.6000E+00,  3.1120E+11,  1.2529E+11
  1.8000E+00,  2.8871E+11,  1.0307E+11
  2.0000E+00,  2.6997E+11,  8.6596E+10
  2.2000E+00,  2.5407E+11,  7.4190E+10
  2.5000E+00,  2.3421E+11,  6.0292E+10
  2.8000E+00,  2.1790E+11,  5.2375E+10
  3.2000E+00,  1.9801E+11,  4.7473E+10
  3.5000E+00,  1.8427E+11,  4.2655E+10
  4.0000E+00,  1.6555E+11,  3.3647E+10
  4.5000E+00,  1.5063E+11,  2.7135E+10
  5.0000E+00,  1.3842E+11,  2.3893E+10
  5.5000E+00,  1.2673E+11,  2.1577E+10
  6.3000E+00,  1.1177E+11,  1.6769E+10
  7.1000E+00,  9.9903E+10,  1.3936E+10
  8.0000E+00,  8.8266E+10,  1.1616E+10
  9.0000E+00,  7.8111E+10,  9.1225E+09
  1.0000E+01,  7.0021E+10,  7.7734E+09
  1.1000E+01,  6.2564E+10,  6.7845E+09
  1.2000E+01,  5.6452E+10,  5.6412E+09
  1.4000E+01,  4.7052E+10,  4.1613E+09
  1.6000E+01,  3.9807E+10,  3.2526E+09
  1.8000E+01,  3.4042E+10,  2.5525E+09
  2.0000E+01,  2.9597E+10,  2.0607E+09
  2.2000E+01,  2.5799E+10,  1.7179E+09
  2.5000E+01,  2.1459E+10,  1.2976E+09
  2.8000E+01,  1.8014E+10,  1.0249E+09
  3.2000E+01,  1.4574E+10,  7.4634E+08
  3.5000E+01,  1.2590E+10,  6.0508E+08
  4.0000E+01,  1.0032E+10,  4.4563E+08
  4.5000E+01,  8.1341E+09,  3.3288E+08
  5.0000E+01,  6.7032E+09,  2.5423E+08
  5.5000E+01,  5.5919E+09,  2.0023E+08
  6.3000E+01,  4.2721E+09,  1.4025E+08
  7.1000E+01,  3.3479E+09,  1.0036E+08
  8.0000E+01,  2.5982E+09,  7.2013E+07
  9.0000E+01,  2.0034E+09,  5.1140E+07
  1.0000E+02,  1.5754E+09,  3.6705E+07
  1.1000E+02,  1.2693E+09,  2.6667E+07
  1.2000E+02,  1.0421E+09,  2.0440E+07
  1.4000E+02,  7.2457E+08,  1.2945E+07
  1.6000E+02,  5.2429E+08,  8.3157E+06
  1.8000E+02,  3.9194E+08,  5.5845E+06
  2.0000E+02,  3.0091E+08,  3.9140E+06
  2.2000E+02,  2.3538E+08,  2.8566E+06
  2.5000E+02,  1.6857E+08,  1.8671E+06
  2.8000E+02,  1.2336E+08,  1.2693E+06
  3.2000E+02,  8.5270E+07,  7.6455E+05
  3.5000E+02,  6.6555E+07,  5.4402E+05
  4.0000E+02,  4.6006E+07,  3.3337E+05
  4.5000E+02,  3.3217E+07,  2.1184E+05
  5.0000E+02,  2.4822E+07,  1.2398E+05
'End of File'
