'*',    54,     1,    25,    22,     5,     5,    75,     1
'SPENVIS 4.6.10.3408          -  3-May-2021 20:07:39'
'PRJ_DEF', -1,'TEST_PROJECT'
'PRJ_HDR', -1,'My Test Project'
'MOD_ABB', -1,'SEP'
'MIS_PLA',  1,   -3,' '
'MIS_NTR',  1,    1,' '
'MIS_STA',  1,   9862.00000000,' '
'MIS_END',  1,  10592.00000000,' '
'MIS_DUR',  1, 7.300000E+02,'days'
'SEP_IEL',  1,  1,' '
'SEP_JEL',  1,  1,' '
'SEP_MOD', -1,'ESP-PSYCHIC worst event fluence'
'SEP_TMI',  1,  2.0,'years'
'SEP_TMA',  1,  0.0,'years'
'SEP_DUR',  1,  2.0,'years'
'SEP_NCY',  1,  1,' '
'SEP_NOR',  1,  0,' '
'SEP_NAL',  1,  0,' '
'SEP_PRB',  1,  95.0,'%'
'SEP_OMN',  1, 1, ' '
'SEP_ABS', -1,'Energy'
'SEP_IGC',  1,  0,' '
'SEP_IGV',  1,  1,' '
'SEP_IST',  1,  0,' '
'PLT_HDR', -1,'ESP-PSYCHIC worst event fluence: solar protons'
'SPECIES', -1,'proton'
'PS Annotation',  8,  1
'Mission start: 01/01/1977 00:00:00'
 0.05, 0.00, 0.00
'Mission end: 01/01/1979 00:00:00'
 0.95, 0.00, 1.00
'Nr. of segments:   1'
 0.05, 1.50, 0.00
'Duration: 730.00 days'
 0.95, 0.00, 1.00
'PS Annotation', 12,  0
'Solar particle model: ESP-PSYCHIC worst event fluence'
 0.05, 2.00, 0.00
'Mission duration: 2.00 years, spanning 1 solar cycles'
 0.10, 1.50, 0.00
'2.00 years in solar maximum'
 0.15, 1.50, 0.00
'0.00 years in solar minimum'
 0.15, 1.50, 0.00
'Confidence level: 95.000%'
 0.10, 1.50, 0.00
'Magnetic shielding:    off'
 0.10, 1.50, 0.00
'Energy','MeV', 1,'Energy'
'IFlux','cm!u-2!n', 1,'Integral Fluence'
'DFlux','cm!u-2!n MeV!u-1!n', 1,'Differential Fluence'
'Attenuation',' ', 1,'Orbit Averaged Proton Attenuation Factor'
'Exposure','hrs', 1,'Proton Exposure Time'
  1.0000E-01,  5.2231E+11,  2.8641E+12, 1.0000, 1.7520E+04
  1.1000E-01,  4.9544E+11,  2.5093E+12, 1.0000, 1.7520E+04
  1.2000E-01,  4.7212E+11,  2.1988E+12, 1.0000, 1.7520E+04
  1.4000E-01,  4.3347E+11,  1.7391E+12, 1.0000, 1.7520E+04
  1.6000E-01,  4.0255E+11,  1.4087E+12, 1.0000, 1.7520E+04
  1.8000E-01,  3.7712E+11,  1.1705E+12, 1.0000, 1.7520E+04
  2.0000E-01,  3.5574E+11,  9.9212E+11, 1.0000, 1.7520E+04
  2.2000E-01,  3.3744E+11,  8.5663E+11, 1.0000, 1.7520E+04
  2.5000E-01,  3.1436E+11,  7.0345E+11, 1.0000, 1.7520E+04
  2.8000E-01,  2.9523E+11,  5.9003E+11, 1.0000, 1.7520E+04
  3.2000E-01,  2.7417E+11,  4.7856E+11, 1.0000, 1.7520E+04
  3.5000E-01,  2.6089E+11,  4.1624E+11, 1.0000, 1.7520E+04
  4.0000E-01,  2.4229E+11,  3.3913E+11, 1.0000, 1.7520E+04
  4.5000E-01,  2.2698E+11,  2.8179E+11, 1.0000, 1.7520E+04
  5.0000E-01,  2.1411E+11,  2.3885E+11, 1.0000, 1.7520E+04
  5.5000E-01,  2.0310E+11,  2.0633E+11, 1.0000, 1.7520E+04
  6.3000E-01,  1.8837E+11,  1.6747E+11, 1.0000, 1.7520E+04
  7.1000E-01,  1.7630E+11,  1.3888E+11, 1.0000, 1.7520E+04
  8.0000E-01,  1.6502E+11,  1.1536E+11, 1.0000, 1.7520E+04
  9.0000E-01,  1.5459E+11,  9.5961E+10, 1.0000, 1.7520E+04
  1.0000E+00,  1.4583E+11,  8.1340E+10, 1.0000, 1.7520E+04
  1.1000E+00,  1.3833E+11,  7.0060E+10, 1.0000, 1.7520E+04
  1.2000E+00,  1.3181E+11,  6.1390E+10, 1.0000, 1.7520E+04
  1.4000E+00,  1.2102E+11,  4.8556E+10, 1.0000, 1.7520E+04
  1.6000E+00,  1.1239E+11,  3.9330E+10, 1.0000, 1.7520E+04
  1.8000E+00,  1.0529E+11,  3.2679E+10, 1.0000, 1.7520E+04
  2.0000E+00,  9.9321E+10,  2.7700E+10, 1.0000, 1.7520E+04
  2.2000E+00,  9.4212E+10,  2.3917E+10, 1.0000, 1.7520E+04
  2.5000E+00,  8.7770E+10,  1.9640E+10, 1.0000, 1.7520E+04
  2.8000E+00,  8.2428E+10,  1.6893E+10, 1.0000, 1.7520E+04
  3.2000E+00,  7.6157E+10,  1.4725E+10, 1.0000, 1.7520E+04
  3.5000E+00,  7.1954E+10,  1.3135E+10, 1.0000, 1.7520E+04
  4.0000E+00,  6.6117E+10,  1.0592E+10, 1.0000, 1.7520E+04
  4.5000E+00,  6.1362E+10,  8.7170E+09, 1.0000, 1.7520E+04
  5.0000E+00,  5.7400E+10,  8.4846E+09, 1.0000, 1.7520E+04
  5.5000E+00,  5.2878E+10,  8.3709E+09, 1.0000, 1.7520E+04
  6.3000E+00,  4.7043E+10,  6.5803E+09, 1.0000, 1.7520E+04
  7.1000E+00,  4.2349E+10,  5.6328E+09, 1.0000, 1.7520E+04
  8.0000E+00,  3.7517E+10,  4.8286E+09, 1.0000, 1.7520E+04
  9.0000E+00,  3.3289E+10,  3.8023E+09, 1.0000, 1.7520E+04
  1.0000E+01,  2.9912E+10,  2.9930E+09, 1.0000, 1.7520E+04
  1.1000E+01,  2.7303E+10,  2.3961E+09, 1.0000, 1.7520E+04
  1.2000E+01,  2.5120E+10,  2.0298E+09, 1.0000, 1.7520E+04
  1.4000E+01,  2.1672E+10,  1.4871E+09, 1.0000, 1.7520E+04
  1.6000E+01,  1.9172E+10,  1.0950E+09, 1.0000, 1.7520E+04
  1.8000E+01,  1.7292E+10,  8.5096E+08, 1.0000, 1.7520E+04
  2.0000E+01,  1.5768E+10,  7.8140E+08, 1.0000, 1.7520E+04
  2.2000E+01,  1.4167E+10,  7.3303E+08, 1.0000, 1.7520E+04
  2.5000E+01,  1.2272E+10,  5.4568E+08, 1.0000, 1.7520E+04
  2.8000E+01,  1.0893E+10,  4.2091E+08, 1.0000, 1.7520E+04
  3.2000E+01,  9.4156E+09,  3.3151E+08, 1.0000, 1.7520E+04
  3.5000E+01,  8.5061E+09,  3.2689E+08, 1.0000, 1.7520E+04
  4.0000E+01,  6.6741E+09,  2.8537E+08, 1.0000, 1.7520E+04
  4.5000E+01,  5.6524E+09,  2.1729E+08, 1.0000, 1.7520E+04
  5.0000E+01,  4.5012E+09,  1.9292E+08, 1.0000, 1.7520E+04
  5.5000E+01,  3.7232E+09,  1.3938E+08, 1.0000, 1.7520E+04
  6.3000E+01,  2.8155E+09,  9.8021E+07, 1.0000, 1.7520E+04
  7.1000E+01,  2.1549E+09,  7.1695E+07, 1.0000, 1.7520E+04
  8.0000E+01,  1.6199E+09,  5.1097E+07, 1.0000, 1.7520E+04
  9.0000E+01,  1.2017E+09,  3.3882E+07, 1.0000, 1.7520E+04
  1.0000E+02,  9.4223E+08,  2.2127E+07, 1.0000, 1.7520E+04
  1.1000E+02,  7.5914E+08,  1.5949E+07, 1.0000, 1.7520E+04
  1.2000E+02,  6.2325E+08,  1.2225E+07, 1.0000, 1.7520E+04
  1.4000E+02,  4.3335E+08,  7.7421E+06, 1.0000, 1.7520E+04
  1.6000E+02,  3.1356E+08,  4.9734E+06, 1.0000, 1.7520E+04
  1.8000E+02,  2.3441E+08,  3.3400E+06, 1.0000, 1.7520E+04
  2.0000E+02,  1.7997E+08,  2.3409E+06, 1.0000, 1.7520E+04
  2.2000E+02,  1.4077E+08,  1.7085E+06, 1.0000, 1.7520E+04
  2.5000E+02,  1.0082E+08,  1.1166E+06, 1.0000, 1.7520E+04
  2.8000E+02,  7.3776E+07,  7.5914E+05, 1.0000, 1.7520E+04
  3.2000E+02,  5.0998E+07,  4.5726E+05, 1.0000, 1.7520E+04
  3.5000E+02,  3.9805E+07,  3.2537E+05, 1.0000, 1.7520E+04
  4.0000E+02,  2.7515E+07,  1.9938E+05, 1.0000, 1.7520E+04
  4.5000E+02,  1.9866E+07,  1.2670E+05, 1.0000, 1.7520E+04
  5.0000E+02,  1.4845E+07,  7.4149E+04, 1.0000, 1.7520E+04
'End of Block'
'*',    52,     1,    25,    22,     3,     3,    75,     0
'SPENVIS 4.6.10.3408          -  3-May-2021 20:07:39'
'PRJ_DEF', -1,'TEST_PROJECT'
'PRJ_HDR', -1,'My Test Project'
'MOD_ABB', -1,'SEP'
'MIS_PLA',  1,   -3,' '
'MIS_NTR',  1,    1,' '
'MIS_STA',  1,   9862.00000000,' '
'MIS_END',  1,  10592.00000000,' '
'MIS_DUR',  1, 7.300000E+02,'days'
'SEP_IEL',  1,  1,' '
'SEP_JEL',  1,  1,' '
'SEP_MOD', -1,'ESP-PSYCHIC worst event fluence'
'SEP_TMI',  1,  2.0,'years'
'SEP_TMA',  1,  0.0,'years'
'SEP_DUR',  1,  2.0,'years'
'SEP_NCY',  1,  1,' '
'SEP_NOR',  1,  0,' '
'SEP_NAL',  1,  0,' '
'SEP_PRB',  1,  95.0,'%'
'SEP_OMN',  1, 1, ' '
'SEP_ABS', -1,'Energy'
'SEP_IGC',  1,  0,' '
'SEP_IGV',  1,  1,' '
'SEP_IST',  1,  0,' '
'PLT_HDR', -1,'ESP-PSYCHIC worst event fluence: solar ions'
'SPECIES', -1,'H '
'PS Annotation',  8,  1
'Mission start: 01/01/1977 00:00:00'
 0.05, 0.00, 0.00
'Mission end: 01/01/1979 00:00:00'
 0.95, 0.00, 1.00
'Nr. of segments:   1'
 0.05, 1.50, 0.00
'Duration: 730.00 days'
 0.95, 0.00, 1.00
'PS Annotation', 12,  0
'Solar particle model: ESP-PSYCHIC worst event fluence'
 0.05, 2.00, 0.00
'Mission duration: 2.00 years, spanning 1 solar cycles'
 0.10, 1.50, 0.00
'2.00 years in solar maximum'
 0.15, 1.50, 0.00
'0.00 years in solar minimum'
 0.15, 1.50, 0.00
'Confidence level: 95.000%'
 0.10, 1.50, 0.00
'Magnetic shielding:    off'
 0.10, 1.50, 0.00
'Energy','MeV/n', 1,'Energy'
'IFlux','cm!u-2!n',  1,'Integral Fluence of ','SPECIES'
'DFlux','cm!u-2!n (MeV/n)!u-1!n',  1,'Differential Fluence of ','SPECIES'
  1.0000E-01,  5.2231E+11,  2.8641E+12
  1.1000E-01,  4.9544E+11,  2.5093E+12
  1.2000E-01,  4.7212E+11,  2.1988E+12
  1.4000E-01,  4.3347E+11,  1.7391E+12
  1.6000E-01,  4.0255E+11,  1.4087E+12
  1.8000E-01,  3.7712E+11,  1.1705E+12
  2.0000E-01,  3.5574E+11,  9.9212E+11
  2.2000E-01,  3.3744E+11,  8.5663E+11
  2.5000E-01,  3.1436E+11,  7.0345E+11
  2.8000E-01,  2.9523E+11,  5.9003E+11
  3.2000E-01,  2.7417E+11,  4.7856E+11
  3.5000E-01,  2.6089E+11,  4.1624E+11
  4.0000E-01,  2.4229E+11,  3.3913E+11
  4.5000E-01,  2.2698E+11,  2.8179E+11
  5.0000E-01,  2.1411E+11,  2.3885E+11
  5.5000E-01,  2.0310E+11,  2.0633E+11
  6.3000E-01,  1.8837E+11,  1.6747E+11
  7.1000E-01,  1.7630E+11,  1.3888E+11
  8.0000E-01,  1.6502E+11,  1.1536E+11
  9.0000E-01,  1.5459E+11,  9.5961E+10
  1.0000E+00,  1.4583E+11,  8.1340E+10
  1.1000E+00,  1.3833E+11,  7.0060E+10
  1.2000E+00,  1.3181E+11,  6.1390E+10
  1.4000E+00,  1.2102E+11,  4.8556E+10
  1.6000E+00,  1.1239E+11,  3.9330E+10
  1.8000E+00,  1.0529E+11,  3.2679E+10
  2.0000E+00,  9.9321E+10,  2.7700E+10
  2.2000E+00,  9.4212E+10,  2.3917E+10
  2.5000E+00,  8.7770E+10,  1.9640E+10
  2.8000E+00,  8.2428E+10,  1.6893E+10
  3.2000E+00,  7.6157E+10,  1.4725E+10
  3.5000E+00,  7.1954E+10,  1.3135E+10
  4.0000E+00,  6.6117E+10,  1.0592E+10
  4.5000E+00,  6.1362E+10,  8.7170E+09
  5.0000E+00,  5.7400E+10,  8.4846E+09
  5.5000E+00,  5.2878E+10,  8.3709E+09
  6.3000E+00,  4.7043E+10,  6.5803E+09
  7.1000E+00,  4.2349E+10,  5.6328E+09
  8.0000E+00,  3.7517E+10,  4.8286E+09
  9.0000E+00,  3.3289E+10,  3.8023E+09
  1.0000E+01,  2.9912E+10,  2.9930E+09
  1.1000E+01,  2.7303E+10,  2.3961E+09
  1.2000E+01,  2.5120E+10,  2.0298E+09
  1.4000E+01,  2.1672E+10,  1.4871E+09
  1.6000E+01,  1.9172E+10,  1.0950E+09
  1.8000E+01,  1.7292E+10,  8.5096E+08
  2.0000E+01,  1.5768E+10,  7.8140E+08
  2.2000E+01,  1.4167E+10,  7.3303E+08
  2.5000E+01,  1.2272E+10,  5.4568E+08
  2.8000E+01,  1.0893E+10,  4.2091E+08
  3.2000E+01,  9.4156E+09,  3.3151E+08
  3.5000E+01,  8.5061E+09,  3.2689E+08
  4.0000E+01,  6.6741E+09,  2.8537E+08
  4.5000E+01,  5.6524E+09,  2.1729E+08
  5.0000E+01,  4.5012E+09,  1.9292E+08
  5.5000E+01,  3.7232E+09,  1.3938E+08
  6.3000E+01,  2.8155E+09,  9.8021E+07
  7.1000E+01,  2.1549E+09,  7.1695E+07
  8.0000E+01,  1.6199E+09,  5.1097E+07
  9.0000E+01,  1.2017E+09,  3.3882E+07
  1.0000E+02,  9.4223E+08,  2.2127E+07
  1.1000E+02,  7.5914E+08,  1.5949E+07
  1.2000E+02,  6.2325E+08,  1.2225E+07
  1.4000E+02,  4.3335E+08,  7.7421E+06
  1.6000E+02,  3.1356E+08,  4.9734E+06
  1.8000E+02,  2.3441E+08,  3.3400E+06
  2.0000E+02,  1.7997E+08,  2.3409E+06
  2.2000E+02,  1.4077E+08,  1.7085E+06
  2.5000E+02,  1.0082E+08,  1.1166E+06
  2.8000E+02,  7.3776E+07,  7.5914E+05
  3.2000E+02,  5.0998E+07,  4.5726E+05
  3.5000E+02,  3.9805E+07,  3.2537E+05
  4.0000E+02,  2.7515E+07,  1.9938E+05
  4.5000E+02,  1.9866E+07,  1.2670E+05
  5.0000E+02,  1.4845E+07,  7.4149E+04
'End of File'
