'*',    54,     1,    25,    22,     5,     5,    75,     1
'SPENVIS 4.6.10.3408          - 14-May-2021 20:18:41'
'PRJ_DEF', -1,'TEST_PROJECT'
'PRJ_HDR', -1,'My Test Project'
'MOD_ABB', -1,'SEP'
'MIS_PLA',  1,   -3,' '
'MIS_NTR',  1,    1,' '
'MIS_STA',  1,   9862.00000000,' '
'MIS_END',  1,  10197.00000000,' '
'MIS_DUR',  1, 3.350000E+02,'days'
'SEP_IEL',  1,  1,' '
'SEP_JEL',  1,  1,' '
'SEP_MOD', -1,'ESP-PSYCHIC total fluence'
'SEP_TMI',  1,  0.9,'years'
'SEP_TMA',  1,  0.0,'years'
'SEP_DUR',  1,  0.9,'years'
'SEP_NCY',  1,  1,' '
'SEP_NOR',  1,  0,' '
'SEP_NAL',  1,  0,' '
'SEP_PRB',  1,  95.0,'%'
'SEP_OMN',  1, 1, ' '
'SEP_ABS', -1,'Energy'
'SEP_IGC',  1,  0,' '
'SEP_IGV',  1,  1,' '
'SEP_IST',  1,  0,' '
'PLT_HDR', -1,'ESP-PSYCHIC total fluence: solar protons'
'SPECIES', -1,'proton'
'PS Annotation',  8,  1
'Mission start: 01/01/1977 00:00:00'
 0.05, 0.00, 0.00
'Mission end: 02/12/1977 00:00:00'
 0.95, 0.00, 1.00
'Nr. of segments:   1'
 0.05, 1.50, 0.00
'Duration: 335.00 days'
 0.95, 0.00, 1.00
'PS Annotation', 12,  0
'Solar particle model: ESP-PSYCHIC total fluence'
 0.05, 2.00, 0.00
'Mission duration: 0.92 years, spanning 1 solar cycles'
 0.10, 1.50, 0.00
'0.92 years in solar maximum'
 0.15, 1.50, 0.00
'0.00 years in solar minimum'
 0.15, 1.50, 0.00
'Confidence level: 95.000%'
 0.10, 1.50, 0.00
'Magnetic shielding:    off'
 0.10, 1.50, 0.00
'Energy','MeV', 1,'Energy'
'IFlux','cm!u-2!n', 1,'Integral Fluence'
'DFlux','cm!u-2!n MeV!u-1!n', 1,'Differential Fluence'
'Attenuation',' ', 1,'Orbit Averaged Proton Attenuation Factor'
'Exposure','hrs', 1,'Proton Exposure Time'
  1.0000E-01,  1.1164E+12,  7.5596E+12, 1.0000, 8.0400E+03
  1.1000E-01,  1.0458E+12,  6.5548E+12, 1.0000, 8.0400E+03
  1.2000E-01,  9.8528E+11,  5.6809E+12, 1.0000, 8.0400E+03
  1.4000E-01,  8.8652E+11,  4.4066E+12, 1.0000, 8.0400E+03
  1.6000E-01,  8.0901E+11,  3.5057E+12, 1.0000, 8.0400E+03
  1.8000E-01,  7.4629E+11,  2.8674E+12, 1.0000, 8.0400E+03
  2.0000E-01,  6.9432E+11,  2.3967E+12, 1.0000, 8.0400E+03
  2.2000E-01,  6.5042E+11,  2.0440E+12, 1.0000, 8.0400E+03
  2.5000E-01,  5.9588E+11,  1.6510E+12, 1.0000, 8.0400E+03
  2.8000E-01,  5.5136E+11,  1.3644E+12, 1.0000, 8.0400E+03
  3.2000E-01,  5.0316E+11,  1.0872E+12, 1.0000, 8.0400E+03
  3.5000E-01,  4.7319E+11,  9.3452E+11, 1.0000, 8.0400E+03
  4.0000E-01,  4.3182E+11,  7.4850E+11, 1.0000, 8.0400E+03
  4.5000E-01,  3.9834E+11,  6.1221E+11, 1.0000, 8.0400E+03
  5.0000E-01,  3.7060E+11,  5.1170E+11, 1.0000, 8.0400E+03
  5.5000E-01,  3.4717E+11,  4.3664E+11, 1.0000, 8.0400E+03
  6.3000E-01,  3.1633E+11,  3.4826E+11, 1.0000, 8.0400E+03
  7.1000E-01,  2.9145E+11,  2.8428E+11, 1.0000, 8.0400E+03
  8.0000E-01,  2.6857E+11,  2.3245E+11, 1.0000, 8.0400E+03
  9.0000E-01,  2.4775E+11,  1.9038E+11, 1.0000, 8.0400E+03
  1.0000E+00,  2.3049E+11,  1.5912E+11, 1.0000, 8.0400E+03
  1.1000E+00,  2.1592E+11,  1.3533E+11, 1.0000, 8.0400E+03
  1.2000E+00,  2.0342E+11,  1.1729E+11, 1.0000, 8.0400E+03
  1.4000E+00,  1.8303E+11,  9.0980E+10, 1.0000, 8.0400E+03
  1.6000E+00,  1.6703E+11,  7.2381E+10, 1.0000, 8.0400E+03
  1.8000E+00,  1.5408E+11,  5.9202E+10, 1.0000, 8.0400E+03
  2.0000E+00,  1.4335E+11,  4.9483E+10, 1.0000, 8.0400E+03
  2.2000E+00,  1.3429E+11,  4.2201E+10, 1.0000, 8.0400E+03
  2.5000E+00,  1.2303E+11,  3.4088E+10, 1.0000, 8.0400E+03
  2.8000E+00,  1.1384E+11,  2.9547E+10, 1.0000, 8.0400E+03
  3.2000E+00,  1.0260E+11,  2.6824E+10, 1.0000, 8.0400E+03
  3.5000E+00,  9.4838E+10,  2.4039E+10, 1.0000, 8.0400E+03
  4.0000E+00,  8.4347E+10,  1.8776E+10, 1.0000, 8.0400E+03
  4.5000E+00,  7.6061E+10,  1.5005E+10, 1.0000, 8.0400E+03
  5.0000E+00,  6.9342E+10,  1.3044E+10, 1.0000, 8.0400E+03
  5.5000E+00,  6.3017E+10,  1.1644E+10, 1.0000, 8.0400E+03
  6.3000E+00,  5.4989E+10,  8.9502E+09, 1.0000, 8.0400E+03
  7.1000E+00,  4.8697E+10,  7.3311E+09, 1.0000, 8.0400E+03
  8.0000E+00,  4.2639E+10,  6.0239E+09, 1.0000, 8.0400E+03
  9.0000E+00,  3.7400E+10,  4.6887E+09, 1.0000, 8.0400E+03
  1.0000E+01,  3.3262E+10,  3.9375E+09, 1.0000, 8.0400E+03
  1.1000E+01,  2.9525E+10,  3.3899E+09, 1.0000, 8.0400E+03
  1.2000E+01,  2.6482E+10,  2.8026E+09, 1.0000, 8.0400E+03
  1.4000E+01,  2.1840E+10,  2.0413E+09, 1.0000, 8.0400E+03
  1.6000E+01,  1.8317E+10,  1.5721E+09, 1.0000, 8.0400E+03
  1.8000E+01,  1.5552E+10,  1.2207E+09, 1.0000, 8.0400E+03
  2.0000E+01,  1.3434E+10,  9.7570E+08, 1.0000, 8.0400E+03
  2.2000E+01,  1.1649E+10,  8.0585E+08, 1.0000, 8.0400E+03
  2.5000E+01,  9.6214E+09,  6.0302E+08, 1.0000, 8.0400E+03
  2.8000E+01,  8.0307E+09,  4.7175E+08, 1.0000, 8.0400E+03
  3.2000E+01,  6.4555E+09,  3.4049E+08, 1.0000, 8.0400E+03
  3.5000E+01,  5.5540E+09,  2.7435E+08, 1.0000, 8.0400E+03
  4.0000E+01,  4.4002E+09,  2.0029E+08, 1.0000, 8.0400E+03
  4.5000E+01,  3.5511E+09,  1.4852E+08, 1.0000, 8.0400E+03
  5.0000E+01,  2.9150E+09,  1.1275E+08, 1.0000, 8.0400E+03
  5.5000E+01,  2.4237E+09,  8.8362E+07, 1.0000, 8.0400E+03
  6.3000E+01,  1.8436E+09,  6.1500E+07, 1.0000, 8.0400E+03
  7.1000E+01,  1.4397E+09,  4.3775E+07, 1.0000, 8.0400E+03
  8.0000E+01,  1.1137E+09,  3.1253E+07, 1.0000, 8.0400E+03
  9.0000E+01,  8.5632E+08,  2.2094E+07, 1.0000, 8.0400E+03
  1.0000E+02,  6.7186E+08,  1.5751E+07, 1.0000, 8.0400E+03
  1.1000E+02,  5.4131E+08,  1.1372E+07, 1.0000, 8.0400E+03
  1.2000E+02,  4.4441E+08,  8.7168E+06, 1.0000, 8.0400E+03
  1.4000E+02,  3.0900E+08,  5.5205E+06, 1.0000, 8.0400E+03
  1.6000E+02,  2.2359E+08,  3.5463E+06, 1.0000, 8.0400E+03
  1.8000E+02,  1.6715E+08,  2.3816E+06, 1.0000, 8.0400E+03
  2.0000E+02,  1.2832E+08,  1.6692E+06, 1.0000, 8.0400E+03
  2.2000E+02,  1.0038E+08,  1.2182E+06, 1.0000, 8.0400E+03
  2.5000E+02,  7.1889E+07,  7.9622E+05, 1.0000, 8.0400E+03
  2.8000E+02,  5.2606E+07,  5.4131E+05, 1.0000, 8.0400E+03
  3.2000E+02,  3.6364E+07,  3.2605E+05, 1.0000, 8.0400E+03
  3.5000E+02,  2.8383E+07,  2.3200E+05, 1.0000, 8.0400E+03
  4.0000E+02,  1.9620E+07,  1.4217E+05, 1.0000, 8.0400E+03
  4.5000E+02,  1.4166E+07,  9.0342E+04, 1.0000, 8.0400E+03
  5.0000E+02,  1.0585E+07,  5.2872E+04, 1.0000, 8.0400E+03
'End of Block'
'*',    52,     1,    25,    22,     3,     3,    75,     0
'SPENVIS 4.6.10.3408          - 14-May-2021 20:18:41'
'PRJ_DEF', -1,'TEST_PROJECT'
'PRJ_HDR', -1,'My Test Project'
'MOD_ABB', -1,'SEP'
'MIS_PLA',  1,   -3,' '
'MIS_NTR',  1,    1,' '
'MIS_STA',  1,   9862.00000000,' '
'MIS_END',  1,  10197.00000000,' '
'MIS_DUR',  1, 3.350000E+02,'days'
'SEP_IEL',  1,  1,' '
'SEP_JEL',  1,  1,' '
'SEP_MOD', -1,'ESP-PSYCHIC total fluence'
'SEP_TMI',  1,  0.9,'years'
'SEP_TMA',  1,  0.0,'years'
'SEP_DUR',  1,  0.9,'years'
'SEP_NCY',  1,  1,' '
'SEP_NOR',  1,  0,' '
'SEP_NAL',  1,  0,' '
'SEP_PRB',  1,  95.0,'%'
'SEP_OMN',  1, 1, ' '
'SEP_ABS', -1,'Energy'
'SEP_IGC',  1,  0,' '
'SEP_IGV',  1,  1,' '
'SEP_IST',  1,  0,' '
'PLT_HDR', -1,'ESP-PSYCHIC total fluence: solar ions'
'SPECIES', -1,'H '
'PS Annotation',  8,  1
'Mission start: 01/01/1977 00:00:00'
 0.05, 0.00, 0.00
'Mission end: 02/12/1977 00:00:00'
 0.95, 0.00, 1.00
'Nr. of segments:   1'
 0.05, 1.50, 0.00
'Duration: 335.00 days'
 0.95, 0.00, 1.00
'PS Annotation', 12,  0
'Solar particle model: ESP-PSYCHIC total fluence'
 0.05, 2.00, 0.00
'Mission duration: 0.92 years, spanning 1 solar cycles'
 0.10, 1.50, 0.00
'0.92 years in solar maximum'
 0.15, 1.50, 0.00
'0.00 years in solar minimum'
 0.15, 1.50, 0.00
'Confidence level: 95.000%'
 0.10, 1.50, 0.00
'Magnetic shielding:    off'
 0.10, 1.50, 0.00
'Energy','MeV/n', 1,'Energy'
'IFlux','cm!u-2!n',  1,'Integral Fluence of ','SPECIES'
'DFlux','cm!u-2!n (MeV/n)!u-1!n',  1,'Differential Fluence of ','SPECIES'
  1.0000E-01,  1.1164E+12,  7.5596E+12
  1.1000E-01,  1.0458E+12,  6.5548E+12
  1.2000E-01,  9.8528E+11,  5.6809E+12
  1.4000E-01,  8.8652E+11,  4.4066E+12
  1.6000E-01,  8.0901E+11,  3.5057E+12
  1.8000E-01,  7.4629E+11,  2.8674E+12
  2.0000E-01,  6.9432E+11,  2.3967E+12
  2.2000E-01,  6.5042E+11,  2.0440E+12
  2.5000E-01,  5.9588E+11,  1.6510E+12
  2.8000E-01,  5.5136E+11,  1.3644E+12
  3.2000E-01,  5.0316E+11,  1.0872E+12
  3.5000E-01,  4.7319E+11,  9.3452E+11
  4.0000E-01,  4.3182E+11,  7.4850E+11
  4.5000E-01,  3.9834E+11,  6.1221E+11
  5.0000E-01,  3.7060E+11,  5.1170E+11
  5.5000E-01,  3.4717E+11,  4.3664E+11
  6.3000E-01,  3.1633E+11,  3.4826E+11
  7.1000E-01,  2.9145E+11,  2.8428E+11
  8.0000E-01,  2.6857E+11,  2.3245E+11
  9.0000E-01,  2.4775E+11,  1.9038E+11
  1.0000E+00,  2.3049E+11,  1.5912E+11
  1.1000E+00,  2.1592E+11,  1.3533E+11
  1.2000E+00,  2.0342E+11,  1.1729E+11
  1.4000E+00,  1.8303E+11,  9.0980E+10
  1.6000E+00,  1.6703E+11,  7.2381E+10
  1.8000E+00,  1.5408E+11,  5.9202E+10
  2.0000E+00,  1.4335E+11,  4.9483E+10
  2.2000E+00,  1.3429E+11,  4.2201E+10
  2.5000E+00,  1.2303E+11,  3.4088E+10
  2.8000E+00,  1.1384E+11,  2.9547E+10
  3.2000E+00,  1.0260E+11,  2.6824E+10
  3.5000E+00,  9.4838E+10,  2.4039E+10
  4.0000E+00,  8.4347E+10,  1.8776E+10
  4.5000E+00,  7.6061E+10,  1.5005E+10
  5.0000E+00,  6.9342E+10,  1.3044E+10
  5.5000E+00,  6.3017E+10,  1.1644E+10
  6.3000E+00,  5.4989E+10,  8.9502E+09
  7.1000E+00,  4.8697E+10,  7.3311E+09
  8.0000E+00,  4.2639E+10,  6.0239E+09
  9.0000E+00,  3.7400E+10,  4.6887E+09
  1.0000E+01,  3.3262E+10,  3.9375E+09
  1.1000E+01,  2.9525E+10,  3.3899E+09
  1.2000E+01,  2.6482E+10,  2.8026E+09
  1.4000E+01,  2.1840E+10,  2.0413E+09
  1.6000E+01,  1.8317E+10,  1.5721E+09
  1.8000E+01,  1.5552E+10,  1.2207E+09
  2.0000E+01,  1.3434E+10,  9.7570E+08
  2.2000E+01,  1.1649E+10,  8.0585E+08
  2.5000E+01,  9.6214E+09,  6.0302E+08
  2.8000E+01,  8.0307E+09,  4.7175E+08
  3.2000E+01,  6.4555E+09,  3.4049E+08
  3.5000E+01,  5.5540E+09,  2.7435E+08
  4.0000E+01,  4.4002E+09,  2.0029E+08
  4.5000E+01,  3.5511E+09,  1.4852E+08
  5.0000E+01,  2.9150E+09,  1.1275E+08
  5.5000E+01,  2.4237E+09,  8.8362E+07
  6.3000E+01,  1.8436E+09,  6.1500E+07
  7.1000E+01,  1.4397E+09,  4.3775E+07
  8.0000E+01,  1.1137E+09,  3.1253E+07
  9.0000E+01,  8.5632E+08,  2.2094E+07
  1.0000E+02,  6.7186E+08,  1.5751E+07
  1.1000E+02,  5.4131E+08,  1.1372E+07
  1.2000E+02,  4.4441E+08,  8.7168E+06
  1.4000E+02,  3.0900E+08,  5.5205E+06
  1.6000E+02,  2.2359E+08,  3.5463E+06
  1.8000E+02,  1.6715E+08,  2.3816E+06
  2.0000E+02,  1.2832E+08,  1.6692E+06
  2.2000E+02,  1.0038E+08,  1.2182E+06
  2.5000E+02,  7.1889E+07,  7.9622E+05
  2.8000E+02,  5.2606E+07,  5.4131E+05
  3.2000E+02,  3.6364E+07,  3.2605E+05
  3.5000E+02,  2.8383E+07,  2.3200E+05
  4.0000E+02,  1.9620E+07,  1.4217E+05
  4.5000E+02,  1.4166E+07,  9.0342E+04
  5.0000E+02,  1.0585E+07,  5.2872E+04
'End of File'
