3.000000000000000444e+00 4.590886572000000275e-10
6.000000000000000888e+00 4.873350906000000489e-10
9.000000000000000000e+00 4.780264247999999808e-10
1.200000000000000178e+01 4.910681699999999553e-10
1.500000000000000000e+01 4.942404864000000133e-10
1.800000000000000000e+01 4.863096953999999716e-10
2.100000000000000000e+01 4.772253347999999463e-10
2.400000000000000355e+01 4.786672967999999257e-10
2.700000000000000000e+01 4.966277345999999735e-10
3.000000000000000000e+01 4.857329105999999798e-10
3.300000000000000711e+01 4.904272980000000104e-10
3.600000000000000000e+01 4.952819033999999238e-10
3.900000000000000000e+01 4.966117128000000369e-10
4.200000000000000000e+01 4.811026104000000058e-10
4.500000000000000711e+01 4.971564540000000521e-10
4.800000000000000711e+01 4.877035920000000378e-10
5.100000000000000711e+01 4.906035378000000366e-10
5.400000000000000000e+01 4.967559089999999831e-10
5.700000000000000000e+01 5.010657732000000881e-10
6.000000000000000000e+01 4.926543281999999843e-10
6.300000000000000711e+01 4.912444098000000849e-10
6.600000000000001421e+01 4.830732918000000638e-10
6.900000000000000000e+01 4.816313298000000844e-10
7.200000000000000000e+01 4.994475714000000825e-10
7.500000000000000000e+01 4.904272980000000104e-10
7.800000000000000000e+01 4.938399413999999444e-10
8.100000000000001421e+01 4.777860978000000015e-10
8.400000000000000000e+01 4.832655534000000266e-10
8.700000000000001421e+01 4.998000510000000315e-10
9.000000000000001421e+01 4.886809217999999952e-10
9.300000000000001421e+01 4.706884403999999708e-10
9.600000000000001421e+01 4.698232631999999832e-10
9.900000000000001421e+01 4.840185779999999412e-10
1.020000000000000142e+02 4.966277345999999735e-10
1.050000000000000000e+02 4.824804852000000321e-10
1.080000000000000000e+02 4.896582516000000559e-10
1.110000000000000284e+02 4.893217938000000434e-10
1.140000000000000000e+02 4.738607568000000289e-10
1.170000000000000000e+02 4.948653365999999183e-10
1.200000000000000000e+02 4.849638642000000253e-10
1.230000000000000000e+02 4.964675166000000907e-10
1.260000000000000142e+02 4.719701844000000674e-10
1.290000000000000284e+02 4.832174880000000100e-10
1.320000000000000284e+02 4.800291498000000154e-10
1.350000000000000000e+02 4.740049530000000785e-10
1.380000000000000000e+02 4.795965611999999699e-10
1.410000000000000000e+02 4.790037545999999382e-10
1.440000000000000000e+02 4.838263164000000818e-10
1.470000000000000000e+02 4.665067505999999789e-10
1.500000000000000000e+02 4.423298544000000315e-10
