3.000000000000000444e+00 2.409518501999999995e-09
6.000000000000000888e+00 2.407435667999999760e-09
9.000000000000000000e+00 2.334376259999999839e-09
1.200000000000000178e+01 2.228952815999999807e-09
1.500000000000000000e+01 2.084115743999999855e-09
1.800000000000000000e+01 1.892174580000000231e-09
2.100000000000000000e+01 1.646239950000000081e-09
2.400000000000000355e+01 1.342690927200000088e-09
2.700000000000000000e+01 1.009838032200000175e-09
3.000000000000000000e+01 6.755111315999999961e-10
3.300000000000000711e+01 3.880319742000000378e-10
3.600000000000000000e+01 1.816711902000000000e-10
3.900000000000000000e+01 6.561087317999999431e-11
4.200000000000000000e+01 1.662582186000000149e-11
4.500000000000000711e+01 3.011617746000000085e-12
4.800000000000000711e+01 3.732118092000000222e-13
5.100000000000000711e+01 4.348957392000000045e-14
5.400000000000000000e+01 1.801330974000000087e-14
5.700000000000000000e+01 1.515277756800000146e-14
6.000000000000000000e+01 1.646239950000000348e-14
6.300000000000000711e+01 1.352640465000000060e-14
6.600000000000001421e+01 1.394617581000000051e-14
6.900000000000000000e+01 1.169959901400000088e-14
7.200000000000000000e+01 1.362541937400000181e-14
7.500000000000000000e+01 1.648162566000000035e-14
7.800000000000000000e+01 1.228086991799999969e-14
8.100000000000001421e+01 1.140191397000000000e-14
8.400000000000000000e+01 1.164656685600000112e-14
8.700000000000001421e+01 1.206185191200000123e-14
9.000000000000001421e+01 2.178163709999999842e-14
9.300000000000001421e+01 7.179208362000000294e-15
9.600000000000001421e+01 1.285445035799999975e-14
9.900000000000001421e+01 1.368021392999999918e-14
1.020000000000000142e+02 1.404791424000000074e-14
1.050000000000000000e+02 1.313018553600000159e-14
1.080000000000000000e+02 1.338621389999999875e-14
1.110000000000000284e+02 4.908118211999999935e-15
1.140000000000000000e+02 1.395274474800000049e-14
1.170000000000000000e+02 5.588243622000000239e-15
1.200000000000000000e+02 1.894257414000000287e-14
1.230000000000000000e+02 9.602185176000001124e-15
1.260000000000000142e+02 6.108791903999999747e-15
1.290000000000000284e+02 2.430026405999999943e-15
1.320000000000000284e+02 5.244415794000000570e-15
1.350000000000000000e+02 7.602023663999998650e-15
1.380000000000000000e+02 8.419776335999999910e-15
1.410000000000000000e+02 3.410720784000000266e-15
1.440000000000000000e+02 7.542582785999999404e-15
1.470000000000000000e+02 9.573185718000000594e-15
1.500000000000000000e+02 1.125835864200000027e-14
