1.e-06 0.e+00
1.778279e-06 0.e+00
3.162278e-06 0.e+00
5.623413e-06 0.e+00
1.e-05 0.e+00
1.778279e-05 0.e+00
3.162278e-05 0.e+00
5.623413e-05 0.e+00
1.e-04 0.e+00
1.778279e-04 0.e+00
3.162278e-04 0.e+00
5.623413e-04 0.e+00
1.e-03 0.e+00
1.778279e-03 9.625737e-15
3.162278e-03 1.717537e-14
5.623413e-03 3.056799e-14
1.e-02 5.462479e-14
1.778279e-02 9.755248e-14
3.162278e-02 1.735533e-13
5.623413e-02 3.096247e-13
1.e-01 5.526527e-13
1.778279e-01 9.831532e-13
3.162278e-01 1.754007e-12
5.623413e-01 3.131913e-12
1.e+00 5.58181e-12
1.778279e+00 9.950623e-12
3.162278e+00 1.769023e-11
5.623413e+00 3.128454e-11
1.e+01 5.486920e-11
1.778279e+01 9.469741e-11
3.162278e+01 1.491889e-10
5.623413e+01 1.57871e-10
1.e+02 1.611772e-10
1.778279e+02 1.643039e-10
3.162278e+02 1.673850e-10
