3.000000000000000444e+00 4.607228808000000213e-10
6.000000000000000888e+00 4.675481676000000961e-10
9.000000000000000000e+00 4.736044080000000096e-10
1.200000000000000178e+01 4.731077322000001143e-10
1.500000000000000000e+01 4.890494232000000875e-10
1.800000000000000000e+01 5.045905691999999918e-10
2.100000000000000000e+01 4.721143806000000136e-10
2.400000000000000355e+01 4.840185779999999412e-10
2.700000000000000000e+01 4.745496942000000937e-10
3.000000000000000000e+01 5.093971091999999920e-10
3.300000000000000711e+01 4.792440816000000209e-10
3.600000000000000000e+01 4.859732376000000626e-10
3.900000000000000000e+01 4.868384148000000502e-10
4.200000000000000000e+01 5.110153109999998942e-10
4.500000000000000711e+01 5.102462645999999397e-10
4.800000000000000711e+01 4.912444098000000849e-10
5.100000000000000711e+01 5.123931858000001273e-10
5.400000000000000000e+01 5.226311160000000327e-10
5.700000000000000000e+01 4.762480049999999890e-10
6.000000000000000000e+01 5.117683355999999122e-10
6.300000000000000711e+01 4.917731291999999567e-10
6.600000000000001421e+01 4.800772152000000320e-10
6.900000000000000000e+01 5.026359095999999738e-10
7.200000000000000000e+01 4.946250096000000423e-10
7.500000000000000000e+01 4.745336724000000537e-10
7.800000000000000000e+01 5.084838666000000913e-10
8.100000000000001421e+01 5.076026676000000636e-10
8.400000000000000000e+01 4.885527473999999855e-10
8.700000000000001421e+01 5.074584714000000140e-10
9.000000000000001421e+01 4.762960704000000056e-10
9.300000000000001421e+01 4.913886060000000311e-10
9.600000000000001421e+01 4.758955254000000400e-10
9.900000000000001421e+01 4.924460447999999816e-10
1.020000000000000142e+02 4.929907859999999967e-10
1.050000000000000000e+02 5.178245760000001358e-10
1.080000000000000000e+02 5.073623405999999809e-10
1.110000000000000284e+02 5.009856641999999916e-10
1.140000000000000000e+02 4.893538374000000200e-10
1.170000000000000000e+02 4.985022851999999984e-10
1.200000000000000000e+02 4.949134020000000382e-10
1.230000000000000000e+02 5.189781455999999125e-10
1.260000000000000142e+02 4.725309474000000192e-10
1.290000000000000284e+02 4.879919843999999303e-10
1.320000000000000284e+02 4.852202130000000446e-10
1.350000000000000000e+02 4.645520910000000643e-10
1.380000000000000000e+02 4.793241906000000140e-10
1.410000000000000000e+02 4.606587936000000165e-10
1.440000000000000000e+02 4.662664235999999996e-10
1.470000000000000000e+02 4.772573784000000263e-10
1.500000000000000000e+02 4.710248981999999833e-10
