2.331197183098591267e+04 2.964673872000000022e-10
4.662394366197182535e+04 3.208846104000000324e-10
6.993521126760562765e+04 3.383643941999999664e-10
9.324647887323945179e+04 3.540978018000000402e-10
1.165563380281690042e+05 3.681969857999999651e-10
1.398732394366197113e+05 3.777940439999999773e-10
1.631830985915492929e+05 3.842508294000000114e-10
1.864929577464789036e+05 3.857248350000000190e-10
2.098098591549295816e+05 3.838502843999999941e-10
2.331197183098591922e+05 3.767366052000000269e-10
2.564295774647887156e+05 3.652810182000000297e-10
2.797394366197183263e+05 3.490028694000000441e-10
3.030563380281690042e+05 3.291678809999999714e-10
3.263661971830985858e+05 3.065130558000000482e-10
3.496760563380281674e+05 2.811024810000000208e-10
3.729859154929578071e+05 2.552432958000000112e-10
3.963028169014084851e+05 2.283106500000000371e-10
4.196126760563380667e+05 2.023232903999999921e-10
4.429225352112676483e+05 1.781944596000000095e-10
4.662394366197183845e+05 1.560282992999999874e-10
4.895492957746479660e+05 1.368950657399999908e-10
5.128591549295774312e+05 1.208989006199999954e-10
5.361690140845070127e+05 1.075046758200000073e-10
5.594859154929578071e+05 9.745420068000000880e-11
5.827957746478873305e+05 8.980539336000000898e-11
6.061056338028168539e+05 8.378119656000000748e-11
6.294225352112676483e+05 7.918293996000001001e-11
6.527323943661971716e+05 7.525599678000001012e-11
6.760422535211268114e+05 7.171838334000000467e-11
6.993521126760563347e+05 6.835861188000000099e-11
7.226760563380282838e+05 6.515585406000000656e-11
7.459859154929579236e+05 6.214535784000001368e-11
7.692957746478873305e+05 5.929027308000000279e-11
7.926056338028169703e+05 5.660341721999999810e-11
8.159154929577464936e+05 5.389413084000000595e-11
8.392253521126761334e+05 5.144760198000000645e-11
8.625352112676057732e+05 4.911803226000000025e-11
8.858450704225352965e+05 4.679006472000000193e-11
9.091549295774648199e+05 4.484341602000001036e-11
9.324647887323943432e+05 4.275096894000000006e-11
9.557746478873239830e+05 4.087000961999999535e-11
9.790845070422536228e+05 3.910921380000000615e-11
1.002394366197183146e+06 3.716096292000000025e-11
1.025704225352112786e+06 3.552513714000000496e-11
1.049014084507042309e+06 3.392776367999999835e-11
1.072323943661971949e+06 3.220702235999999924e-11
1.095633802816901589e+06 3.078108216000000167e-11
1.118943661971830996e+06 2.927022642000000029e-11
1.142253521126760403e+06 2.776257503999999850e-11
1.165563380281690042e+06 2.623890185999999874e-11
