1.205211267605633824e-01 4.362575921999999540e-09
2.410422535211267647e-01 5.331574386000000580e-09
3.615633802816901055e-01 6.408559782000000606e-09
4.820845070422535295e-01 7.323244343999998872e-09
6.026056338028169534e-01 8.201879856000001066e-09
7.230985915492957883e-01 8.742936042000000031e-09
8.436619718309860128e-01 8.955705545999999932e-09
9.641549295774647366e-01 8.745659747999998970e-09
1.084718309859154850e+00 8.115842789999999366e-09
1.205211267605633907e+00 7.118005085999999979e-09
1.325704225352112520e+00 5.848918307999999930e-09
1.446267605633802855e+00 4.448612988000000412e-09
1.566760563380281690e+00 3.103422660000000291e-09
1.687323943661972026e+00 1.944245429999999889e-09
1.807816901408450860e+00 1.084563707400000118e-09
1.928309859154929473e+00 5.333977656000000167e-10
2.048873239436619809e+00 2.315951189999999873e-10
2.169366197183098421e+00 8.428908762000000309e-11
2.289859154929577922e+00 2.735882568000000104e-11
2.410422535211267814e+00 7.573024206000001806e-12
2.530915492957746427e+00 1.844910269999999976e-12
2.651478873239436762e+00 3.196669535999999830e-13
2.771971830985915819e+00 7.045105895999999131e-14
2.892464788732394432e+00 1.833695010000000067e-14
3.013028169014084767e+00 1.636466651999999839e-14
3.133521126760563380e+00 3.404472281999999786e-14
3.254084507042253716e+00 3.476730599999999886e-14
3.374577464788732772e+00 3.372428682000000174e-14
3.495070422535211385e+00 6.136830054000000118e-14
3.615633802816901721e+00 2.379717953999999681e-14
3.736126760563380333e+00 4.794363431999999766e-14
3.856690140845070669e+00 1.391829787800000032e-14
3.977183098591549282e+00 0.000000000000000000e+00
4.097676056338028339e+00 7.461512478000000531e-15
4.218239436619718674e+00 1.522343370600000098e-14
4.338732394366196843e+00 2.118722831999999965e-14
4.459295774647887178e+00 1.137451669200000131e-14
4.579788732394366235e+00 1.570280596200000063e-14
4.700281690140845292e+00 2.146120110000000230e-14
4.820845070422535628e+00 1.183241973600000026e-14
4.941338028169014684e+00 3.050390501999999686e-14
5.061901408450704132e+00 2.422496159999999962e-14
5.182394366197183189e+00 1.529200700999999873e-15
5.302887323943662246e+00 0.000000000000000000e+00
5.423450704225351693e+00 1.606185450000000044e-14
5.543943661971831638e+00 1.649604528000000115e-14
5.664507042253521085e+00 1.998078677999999763e-14
5.785000000000000142e+00 9.880483841999999910e-15
5.905492957746479199e+00 1.980134261999999955e-14
6.026056338028169534e+00 2.606105987999999992e-14
