3.303943661971830892e+01 8.579353464000000658e-10
6.607887323943661784e+01 8.471206314000000652e-10
9.911971830985915233e+01 8.261320734000000090e-10
1.321549295774647987e+02 7.974370296000000573e-10
1.651971830985915517e+02 7.694469450000000035e-10
1.982394366197183047e+02 7.377878681999999964e-10
2.312746478873239653e+02 7.022354940000000967e-10
2.643169014084506898e+02 6.621329286000000092e-10
2.973521126760563220e+02 6.184254582000000250e-10
3.303943661971831034e+02 5.651850168000000334e-10
3.634366197183098848e+02 5.068816866000000222e-10
3.964718309859155170e+02 4.430027700000000046e-10
4.295140845070422984e+02 3.742852698000000102e-10
4.625492957746479306e+02 3.036932190000000426e-10
4.955915492957747119e+02 2.329569720000000253e-10
5.286338028169013796e+02 1.655853030000000288e-10
5.616690140845070118e+02 1.091917713600000091e-10
5.947112676056337932e+02 6.458868233999999743e-11
6.277464788732394254e+02 3.296805786000000488e-11
6.607887323943662068e+02 1.426549028400000112e-11
6.938309859154929882e+02 4.956504048000000517e-12
7.269014084507042526e+02 1.237347592200000047e-12
7.599295774647887356e+02 2.553394266000000217e-13
7.929577464788732186e+02 5.142677364000000176e-14
8.259859154929579290e+02 2.351840022000000126e-14
8.590140845070424120e+02 2.084115744000000245e-14
8.920422535211268951e+02 1.962029627999999962e-14
9.250704225352113781e+02 1.981095570000000113e-14
9.581690140845070118e+02 2.089563155999999883e-14
9.911971830985914949e+02 1.808220348000000120e-14
1.024225352112676319e+03 1.611793080000000181e-14
1.057253521126760688e+03 1.743492276000000159e-14
1.090281690140845285e+03 1.431708048000000102e-14
1.123309859154929654e+03 1.252488193200000039e-14
1.156408450704225288e+03 1.582328989800000096e-14
1.189436619718309885e+03 1.216214838000000012e-14
1.222464788732394481e+03 1.148458645799999914e-14
1.255492957746478851e+03 1.468766471399999895e-14
1.288521126760563448e+03 1.379957634000000075e-14
1.321549295774648044e+03 8.097738156000000369e-15
1.354647887323943678e+03 1.425139110000000121e-14
1.387676056338028275e+03 1.312361659800000003e-14
1.420704225352112644e+03 1.155171780000000186e-14
1.453732394366197241e+03 1.201891348800000139e-14
1.486760563380281837e+03 9.830495826000000175e-15
1.519788732394366207e+03 1.122022675799999965e-14
1.552887323943662295e+03 1.281103128000000158e-14
1.585915492957746437e+03 9.421779708000000044e-15
1.618943661971831261e+03 1.446079602600000124e-14
1.651971830985915858e+03 1.332148582800000036e-14
