2.110563380281690115e+03 2.668911444000000228e-10
4.221126760563380230e+03 2.834256419999999761e-10
6.331690140845071255e+03 2.928785040000000420e-10
8.442253521126760461e+03 3.022031915999999949e-10
1.055281690140845058e+04 3.124731653999999803e-10
1.266338028169014251e+04 3.226630302000000242e-10
1.477394366197183263e+04 3.343589442000000006e-10
1.688450704225352092e+04 3.468559482000000116e-10
1.899507042253521286e+04 3.586640147999999577e-10
2.110563380281690115e+04 3.671555688000000029e-10
2.321619718309859309e+04 3.681168768000000237e-10
2.532676056338028502e+04 3.581192735999999942e-10
2.743732394366197695e+04 3.331573092000000523e-10
2.954788732394366525e+04 2.937757248000000062e-10
3.165845070422535355e+04 2.408396975999999988e-10
3.376901408450704184e+04 1.775696094000000270e-10
3.587957746478873014e+04 1.130017554000000092e-10
3.799014084507042571e+04 5.795565713999999529e-11
4.010070422535212128e+04 2.199953358000000116e-11
4.221126760563380230e+04 6.206845319999999432e-12
4.432183098591549060e+04 2.326685796000000181e-12
4.643239436619718617e+04 1.899865044000000223e-12
4.854295774647887447e+04 1.859009454000000133e-12
5.065352112676057004e+04 1.818314082000000064e-12
5.276408450704225106e+04 1.767364757999999917e-12
5.487464788732395391e+04 1.732277016000000149e-12
5.698521126760564221e+04 1.729553310000000211e-12
5.909577464788733050e+04 1.695106440000000120e-12
6.120633802816901880e+04 1.682929872000000002e-12
6.331690140845070709e+04 1.631179458000000360e-12
6.542746478873238812e+04 1.620925505999999878e-12
6.753802816901408369e+04 1.613555478000000163e-12
6.964859154929578654e+04 1.588513404600000063e-12
7.176056338028168830e+04 1.553089204799999991e-12
7.387323943661972589e+04 1.526845496399999841e-12
7.597887323943662341e+04 1.476729305999999920e-12
7.809154929577464645e+04 1.476697262399999997e-12
8.020422535211266950e+04 1.456637968800000180e-12
8.230985915492958156e+04 1.436098021199999899e-12
8.442253521126760461e+04 1.413443196000000039e-12
8.653521126760564221e+04 1.397068916399999878e-12
8.864084507042253972e+04 1.354947604200000094e-12
9.075352112676057732e+04 1.316383131599999869e-12
9.286619718309860036e+04 1.285845580800000108e-12
9.497887323943662341e+04 1.282721329800000018e-12
9.708450704225352092e+04 1.247841871200000054e-12
9.919718309859154397e+04 1.217560669200000083e-12
1.013098591549295670e+05 1.178451455400000153e-12
1.034154929577464791e+05 1.159786058400000128e-12
1.055281690140845021e+05 1.076680981799999956e-12
