1.689577464788732470e+02 2.843068410000000037e-10
3.379084507042253449e+02 3.199553460000000399e-10
5.068661971830985635e+02 3.594811265999999805e-10
6.758239436619718390e+02 4.029322481999999971e-10
8.447887323943662068e+02 4.487225526000000090e-10
1.013732394366197127e+03 4.887610307999999883e-10
1.182676056338028275e+03 5.169593988000000448e-10
1.351619718309859081e+03 5.289116615999999889e-10
1.520563380281690343e+03 5.266365659999999984e-10
1.689577464788732414e+03 5.085639755999999810e-10
1.858521126760563448e+03 4.761038088000000428e-10
2.027464788732394254e+03 4.318836408000000716e-10
2.196408450704225743e+03 3.768167142000000200e-10
2.365352112676056549e+03 3.128576886000000609e-10
2.534295774647887811e+03 2.425860738000000140e-10
2.703309859154929654e+03 1.720260666000000230e-10
2.872253521126760916e+03 1.082833352999999962e-10
3.041197183098591722e+03 5.801493779999999588e-11
3.210140845070422529e+03 2.506290174000000513e-11
3.379084507042253790e+03 7.931431872000000633e-12
3.548028169014085051e+03 1.717857396000000154e-12
3.717042253521126895e+03 2.432429676000000151e-13
3.885985915492958156e+03 6.260838785999999456e-14
4.054929577464788508e+03 4.615239707999999530e-14
4.223873239436619770e+03 4.844992319999999923e-14
4.392816901408451486e+03 4.818075695999999896e-14
4.561760563380281383e+03 5.002486614000000216e-14
4.730774647887324136e+03 4.419293094000000459e-14
4.899718309859155852e+03 4.476330702000000413e-14
5.068661971830986658e+03 3.768487577999999949e-14
5.237605633802816556e+03 3.974527925999999582e-14
5.406549295774648272e+03 3.534569297999999814e-14
5.575492957746478169e+03 3.614678297999999791e-14
5.744507042253521831e+03 3.727311552000000249e-14
5.913450704225352638e+03 3.561005267999999605e-14
6.082394366197183444e+03 3.459587274000000053e-14
6.251338028169014251e+03 3.426582365999999966e-14
6.420281690140845058e+03 3.070898406000000548e-14
6.589225352112676774e+03 3.570458130000000061e-14
6.758239436619718617e+03 3.570618347999999930e-14
6.927183098591549424e+03 3.253226490000000051e-14
7.095774647887325045e+03 3.308341481999999687e-14
7.264788732394366889e+03 2.748379572000000138e-14
7.433802816901409642e+03 2.719380113999999924e-14
7.602816901408450576e+03 2.547305981999999906e-14
7.771830985915493329e+03 2.431628586000000050e-14
7.940845070422535173e+03 2.847234078000000213e-14
8.109859154929577016e+03 2.683010628000000071e-14
8.278873239436619770e+03 2.813267861999999968e-14
8.447887323943661613e+03 2.861012825999999649e-14
