3.000000000000000444e+00 5.210770013999999802e-10
6.000000000000000888e+00 5.412965129999999784e-10
9.000000000000000000e+00 5.440362407999999910e-10
1.200000000000000178e+01 5.442605460000000337e-10
1.500000000000000000e+01 5.412965129999999784e-10
1.800000000000000000e+01 5.475930804000000780e-10
2.100000000000000000e+01 5.439561317999999979e-10
2.400000000000000355e+01 5.476731893999999677e-10
2.700000000000000000e+01 5.371468667999999631e-10
3.000000000000000000e+01 5.417931888000000805e-10
3.300000000000000711e+01 5.416810362000000074e-10
3.600000000000000000e+01 5.366662128000000044e-10
3.900000000000000000e+01 5.387170032000000555e-10
4.200000000000000000e+01 5.334298092000000966e-10
4.500000000000000711e+01 5.374032156000000858e-10
4.800000000000000711e+01 5.344552044000000705e-10
5.100000000000000711e+01 5.303055581999999517e-10
5.400000000000000000e+01 5.295044682000000206e-10
5.700000000000000000e+01 5.270210892000001308e-10
6.000000000000000000e+01 5.267967839999999846e-10
6.300000000000000711e+01 5.205162384000000284e-10
6.600000000000001421e+01 5.282067024000000908e-10
6.900000000000000000e+01 5.206604345999999747e-10
7.200000000000000000e+01 5.239288817999999624e-10
7.500000000000000000e+01 5.132904066000000915e-10
7.800000000000000000e+01 5.207085000000000946e-10
8.100000000000001421e+01 5.191864289999999153e-10
8.400000000000000000e+01 5.136909515999999536e-10
8.700000000000001421e+01 5.104225044000000693e-10
9.000000000000001421e+01 5.050872449999999904e-10
9.300000000000001421e+01 5.064490979999999767e-10
9.600000000000001421e+01 5.043502421999999091e-10
9.900000000000001421e+01 4.983420672000000122e-10
1.020000000000000142e+02 5.005851192000000261e-10
1.050000000000000000e+02 4.887129654000000751e-10
1.080000000000000000e+02 4.917731291999999567e-10
1.110000000000000284e+02 4.951056636000000010e-10
1.140000000000000000e+02 4.856688233999999233e-10
1.170000000000000000e+02 4.855406490000000171e-10
1.200000000000000000e+02 4.817274606000000141e-10
1.230000000000000000e+02 4.782987954000000401e-10
1.260000000000000142e+02 4.717779228000000012e-10
1.290000000000000284e+02 4.653852245999999719e-10
1.320000000000000284e+02 4.665708378000000354e-10
1.350000000000000000e+02 4.631581944000000497e-10
1.380000000000000000e+02 4.534810272000000444e-10
1.410000000000000000e+02 4.505650596000000057e-10
1.440000000000000000e+02 4.507412994000000319e-10
1.470000000000000000e+02 4.346233685999999808e-10
1.500000000000000000e+02 4.130259822000000080e-10
