1.e-06 0.e+00
1.778279e-06 0.e+00
3.162278e-06 0.e+00
5.623413e-06 0.e+00
1.e-05 0.e+00
1.778279e-05 0.e+00
3.162278e-05 0.e+00
5.623413e-05 0.e+00
1.e-04 0.e+00
1.778279e-04 0.e+00
3.162278e-04 0.e+00
5.623413e-04 0.e+00
1.e-03 0.e+00
1.778279e-03 5.905479e-12
3.162278e-03 1.04541e-11
5.623413e-03 1.848303e-11
1.e-02 3.301696e-11
1.778279e-02 5.898606e-11
3.162278e-02 1.045861e-10
5.623413e-02 1.86866e-10
1.e-01 3.341917e-10
1.778279e-01 4.776028e-10
3.162278e-01 3.673562e-10
5.623413e-01 2.849745e-10
1.e+00 2.540769e-10
1.778279e+00 2.393604e-10
3.162278e+00 2.359245e-10
5.623413e+00 2.377992e-10
1.e+01 2.41736e-10
1.778279e+01 2.424614e-10
3.162278e+01 2.447381e-10
5.623413e+01 2.456277e-10
1.e+02 2.451931e-10
1.778279e+02 2.471252e-10
3.162278e+02 2.448477e-10
5.623413e+02 2.487799e-10
1.e+03 2.512374e-10
