1.219366197183098620e+03 2.620525607999999943e-10
2.438732394366197241e+03 2.803815000000000311e-10
3.658098591549295634e+03 2.949453162000000297e-10
4.877464788732394481e+03 3.094770888000000001e-10
6.096830985915493329e+03 3.263640660000000058e-10
7.316197183098591267e+03 3.459747492000000357e-10
8.535915492957747119e+03 3.665787839999999595e-10
9.754929577464788963e+03 3.846513743999999769e-10
1.097464788732394481e+04 3.958666344000000464e-10
1.219366197183098666e+04 3.960108305999999926e-10
1.341338028169014069e+04 3.829210200000000534e-10
1.463239436619718253e+04 3.546585648000000437e-10
1.585211267605633839e+04 3.120726204000000147e-10
1.707112676056338387e+04 2.575664567999999665e-10
1.829084507042253608e+04 1.930947336000000206e-10
1.950985915492957793e+04 1.276873372799999989e-10
2.072957746478873378e+04 6.977493899999999655e-11
2.194859154929577198e+04 2.929746347999999846e-11
2.316830985915492784e+04 8.432753993999998854e-12
2.438732394366197332e+04 1.806457950000000189e-12
2.560704225352112917e+04 7.735965911999999882e-13
2.682605633802817101e+04 6.898025772000000526e-13
2.804577464788732323e+04 6.753509135999999315e-13
2.926478873239436507e+04 6.708007224000000257e-13
3.048450704225352456e+04 6.641676971999999590e-13
3.170352112676056277e+04 6.656897682000000494e-13
3.292323943661971862e+04 6.457746707999999885e-13
3.414225352112676774e+04 6.414808284000000745e-13
3.536197183098591631e+04 6.150448583999999811e-13
3.658098591549295816e+04 6.125134139999999859e-13
3.780070422535211401e+04 5.948253468000000435e-13
3.901971830985915585e+04 6.059925414000000544e-13
4.023943661971831170e+04 5.894740656000000369e-13
4.145845070422536082e+04 5.705042544000000343e-13
4.267816901408450940e+04 5.741412030000000070e-13
4.389718309859154397e+04 5.543062146000000571e-13
4.511690140845070709e+04 5.612276322000000390e-13
4.633591549295774894e+04 5.487146064000000203e-13
4.755563380281691207e+04 5.337021797999999297e-13
4.877464788732394663e+04 5.233681188000000438e-13
4.999436619718309521e+04 5.143638672000000019e-13
5.121338028169014433e+04 5.231758571999999994e-13
5.243309859154929291e+04 5.005370537999999998e-13
5.365211267605634202e+04 4.928145462000000182e-13
5.487183098591549788e+04 4.789717109999999535e-13
5.609084507042253972e+04 4.898825568000000736e-13
5.731056338028168830e+04 4.682210832000000555e-13
5.852957746478873014e+04 4.706403750000000165e-13
5.974929577464789327e+04 4.558041882000000086e-13
6.096830985915494239e+04 4.221744300000000304e-13
