6.610985915492957263e-03 3.010976874000000631e-08
1.322183098591549373e-02 3.299209056000000163e-08
1.983309859154929605e-02 3.194907138000000034e-08
2.644366197183098746e-02 3.032446085999999777e-08
3.305492957746478805e-02 2.835217728000000030e-08
3.966549295774647599e-02 2.574222606000000141e-08
4.627676056338028004e-02 2.257952274000000208e-08
5.288802816901409104e-02 1.899063953999999970e-08
5.949859154929577204e-02 1.514957320800000080e-08
6.610985915492957610e-02 1.143395756999999856e-08
7.271830985915493650e-02 8.074987199999998744e-09
7.933098591549295198e-02 5.296005989999999503e-09
8.594366197183099521e-02 3.282866819999999748e-09
9.255633802816901068e-02 1.879036704000000120e-09
9.916197183098590662e-02 9.892980845999999978e-10
1.057746478873239498e-01 4.952498598000000506e-10
1.123873239436619792e-01 2.268206225999999895e-10
1.190000000000000085e-01 9.547070183999999120e-11
1.256056338028169184e-01 3.925020564000000126e-11
1.322183098591549200e-01 1.803574026000000109e-11
1.388309859154929771e-01 5.643839268000000118e-12
1.454436619718310064e-01 2.291437836000000191e-12
1.520492957746479024e-01 9.514065276000000139e-13
1.586619718309859040e-01 4.869345455999999654e-13
1.652746478873239333e-01 2.445887987999999723e-13
1.718873239436619904e-01 0.000000000000000000e+00
1.784929577464788863e-01 0.000000000000000000e+00
1.851056338028168879e-01 0.000000000000000000e+00
1.917183098591549173e-01 0.000000000000000000e+00
1.983309859154929744e-01 0.000000000000000000e+00
2.049366197183098703e-01 0.000000000000000000e+00
2.115492957746478997e-01 0.000000000000000000e+00
2.181619718309859290e-01 0.000000000000000000e+00
2.247746478873239584e-01 0.000000000000000000e+00
2.313802816901408543e-01 0.000000000000000000e+00
2.379929577464788837e-01 0.000000000000000000e+00
2.446056338028169130e-01 0.000000000000000000e+00
2.512183098591549424e-01 0.000000000000000000e+00
2.578309859154929717e-01 0.000000000000000000e+00
2.644366197183098399e-01 0.000000000000000000e+00
2.710492957746478693e-01 0.000000000000000000e+00
2.776619718309859541e-01 0.000000000000000000e+00
2.842746478873239835e-01 0.000000000000000000e+00
2.908802816901408517e-01 0.000000000000000000e+00
2.974929577464788810e-01 0.000000000000000000e+00
3.041056338028169659e-01 0.000000000000000000e+00
3.107183098591549397e-01 0.000000000000000000e+00
3.173239436619718079e-01 0.000000000000000000e+00
3.239366197183098928e-01 0.000000000000000000e+00
3.305492957746478666e-01 0.000000000000000000e+00
