3.157816901408450616e-01 2.683811718000000394e-09
6.315633802816901232e-01 3.235121856000000132e-09
9.473239436619719234e-01 3.874391675999999336e-09
1.263098591549295824e+00 4.525998282000000375e-09
1.578943661971830892e+00 5.123771640000000253e-09
1.894718309859154903e+00 5.541459966000000728e-09
2.210492957746478915e+00 5.778262169999999389e-09
2.526267605633802926e+00 5.771853449999999940e-09
2.842042253521126938e+00 5.536493208000000328e-09
3.157816901408450949e+00 5.073623406000000429e-09
3.473591549295774517e+00 4.390453853999999624e-09
3.789366197183098528e+00 3.562927884000000065e-09
4.105140845070422095e+00 2.683331064000000022e-09
4.420915492957746551e+00 1.830330431999999966e-09
4.736760563380281397e+00 1.120949215200000132e-09
5.052535211267605852e+00 6.002086715999999579e-10
5.368309859154929420e+00 2.792119086000000076e-10
5.684084507042253875e+00 1.101210357600000015e-10
5.999859154929577443e+00 3.728112642000000284e-11
6.315633802816901898e+00 1.069663433400000043e-11
6.631408450704226354e+00 2.515903254000000349e-12
6.947183098591549033e+00 5.571260513999999674e-13
7.262676056338028374e+00 1.196123500799999881e-13
7.578873239436619613e+00 3.816552978000000314e-14
7.894366197183098954e+00 4.285831500000000033e-14
8.210563380281691082e+00 3.713532804000000182e-14
8.526056338028169534e+00 3.641915358000000187e-14
8.841549295774647987e+00 1.523032308000000038e-14
9.157746478873239226e+00 1.743652494000000028e-14
9.473239436619717679e+00 4.911803225999999439e-14
9.789436619718310695e+00 1.637748396000000050e-14
1.010492957746478915e+01 1.291693537800000061e-14
1.042112676056338039e+01 2.071298304000000022e-14
1.073661971830985884e+01 4.032206406000000272e-15
1.105211267605633907e+01 1.404358835400000145e-14
1.136830985915493031e+01 9.574147025999998860e-15
1.168380281690140876e+01 2.356646561999999973e-14
1.200000000000000178e+01 2.940320736000000283e-14
1.231549295774648023e+01 1.022174818200000105e-14
1.263098591549295868e+01 1.791717894000000077e-14
1.294718309859155170e+01 3.326766552000000364e-14
1.326267605633803015e+01 1.223745083999999994e-14
1.357887323943661961e+01 1.142274231000000028e-14
1.389436619718309807e+01 1.067852969999999807e-14
1.420985915492958007e+01 2.463672186000000293e-14
1.452605633802817131e+01 2.176080876000000208e-15
1.484154929577464799e+01 3.065450993999999964e-14
1.515774647887323923e+01 1.819595825999999948e-14
1.547323943661971946e+01 2.205560988000000107e-14
1.578943661971831069e+01 2.592968112000000031e-14
