3.000000000000000444e+00 4.953139470000000038e-10
6.000000000000000888e+00 4.272693623999999825e-10
9.000000000000000000e+00 4.609632077999999490e-10
1.200000000000000178e+01 4.717138355999999447e-10
1.500000000000000000e+01 5.005370538000000095e-10
1.800000000000000000e+01 4.953620124000001237e-10
2.100000000000000000e+01 4.997519856000000150e-10
2.400000000000000355e+01 4.754629367999999945e-10
2.700000000000000000e+01 4.712812470000000026e-10
3.000000000000000000e+01 4.876074612000001081e-10
3.300000000000000711e+01 4.880400498000000503e-10
3.600000000000000000e+01 4.739889312000000385e-10
3.900000000000000000e+01 4.752546533999999917e-10
4.200000000000000000e+01 4.797087138000000430e-10
4.500000000000000711e+01 5.211410886000000367e-10
4.800000000000000711e+01 5.011619040000000178e-10
5.100000000000000711e+01 4.902670800000000242e-10
5.400000000000000000e+01 5.229835956000000851e-10
5.700000000000000000e+01 4.783628825999999933e-10
6.000000000000000000e+01 4.900587966000000214e-10
6.300000000000000711e+01 4.808462615999999865e-10
6.600000000000001421e+01 4.588002647999999799e-10
6.900000000000000000e+01 4.946250096000000423e-10
7.200000000000000000e+01 5.131301886000000019e-10
7.500000000000000000e+01 4.881041370000000034e-10
7.800000000000000000e+01 5.313950405999999821e-10
8.100000000000001421e+01 4.924300230000000450e-10
8.400000000000000000e+01 4.801573242000000251e-10
8.700000000000001421e+01 4.969802142000000259e-10
9.000000000000001421e+01 5.308983647999999834e-10
9.300000000000001421e+01 4.792601033999999575e-10
9.600000000000001421e+01 5.237526420000000396e-10
9.900000000000001421e+01 5.250343860000000328e-10
1.020000000000000142e+02 4.990790700000000935e-10
1.050000000000000000e+02 4.503727979999999912e-10
1.080000000000000000e+02 4.797728010000000995e-10
1.110000000000000284e+02 4.904593415999999870e-10
1.140000000000000000e+02 5.073943842000000609e-10
1.170000000000000000e+02 4.882483332000000530e-10
1.200000000000000000e+02 4.921736742000000257e-10
1.230000000000000000e+02 5.074424495999999740e-10
1.260000000000000142e+02 4.945288787999999058e-10
1.290000000000000284e+02 4.840506216000000211e-10
1.320000000000000284e+02 4.872229379999999758e-10
1.350000000000000000e+02 5.416009272000000143e-10
1.380000000000000000e+02 4.909560173999999856e-10
1.410000000000000000e+02 5.068816866000000222e-10
1.440000000000000000e+02 4.995757457999999888e-10
1.470000000000000000e+02 4.494755772000000270e-10
1.500000000000000000e+02 4.484341602000000649e-10
