3.000000000000000444e+00 1.848274847999999871e-09
6.000000000000000888e+00 4.911162353999999965e-15
9.000000000000000000e+00 4.833777059999999964e-15
1.200000000000000178e+01 3.113356175999999987e-15
1.500000000000000000e+01 1.480878952200000050e-15
1.800000000000000000e+01 1.020316289399999948e-15
2.100000000000000000e+01 1.820557134000000343e-15
2.400000000000000355e+01 0.000000000000000000e+00
2.700000000000000000e+01 1.488040696800000223e-15
3.000000000000000000e+01 1.791077021999999892e-15
3.300000000000000711e+01 3.426582366000000045e-15
3.600000000000000000e+01 0.000000000000000000e+00
3.900000000000000000e+01 0.000000000000000000e+00
4.200000000000000000e+01 0.000000000000000000e+00
4.500000000000000711e+01 0.000000000000000000e+00
4.800000000000000711e+01 6.332456231999999491e-16
5.100000000000000711e+01 9.571583538000000330e-16
5.400000000000000000e+01 9.765287100000001475e-16
5.700000000000000000e+01 0.000000000000000000e+00
6.000000000000000000e+01 0.000000000000000000e+00
6.300000000000000711e+01 0.000000000000000000e+00
6.600000000000001421e+01 0.000000000000000000e+00
6.900000000000000000e+01 0.000000000000000000e+00
7.200000000000000000e+01 0.000000000000000000e+00
7.500000000000000000e+01 0.000000000000000000e+00
7.800000000000000000e+01 0.000000000000000000e+00
8.100000000000001421e+01 8.161344701999999001e-16
8.400000000000000000e+01 0.000000000000000000e+00
8.700000000000001421e+01 0.000000000000000000e+00
9.000000000000001421e+01 0.000000000000000000e+00
9.300000000000001421e+01 0.000000000000000000e+00
9.600000000000001421e+01 7.002648126000000362e-16
9.900000000000001421e+01 0.000000000000000000e+00
1.020000000000000142e+02 6.308904185999998796e-16
1.050000000000000000e+02 0.000000000000000000e+00
1.080000000000000000e+02 0.000000000000000000e+00
1.110000000000000284e+02 0.000000000000000000e+00
1.140000000000000000e+02 0.000000000000000000e+00
1.170000000000000000e+02 0.000000000000000000e+00
1.200000000000000000e+02 0.000000000000000000e+00
1.230000000000000000e+02 0.000000000000000000e+00
1.260000000000000142e+02 0.000000000000000000e+00
1.290000000000000284e+02 0.000000000000000000e+00
1.320000000000000284e+02 0.000000000000000000e+00
1.350000000000000000e+02 0.000000000000000000e+00
1.380000000000000000e+02 0.000000000000000000e+00
1.410000000000000000e+02 0.000000000000000000e+00
1.440000000000000000e+02 0.000000000000000000e+00
1.470000000000000000e+02 0.000000000000000000e+00
1.500000000000000000e+02 0.000000000000000000e+00
