4.586267605633802952e-02 1.406329516799999992e-08
9.172535211267605904e-02 1.417288427999999877e-08
1.375845070422535288e-01 1.373949459000000047e-08
1.834507042253521181e-01 1.318642205400000006e-08
2.293098591549295462e-01 1.245855168000000061e-08
2.751760563380282187e-01 1.149051452400000115e-08
3.210352112676056469e-01 1.026276399000000168e-08
3.669014084507042361e-01 8.794526238000000558e-09
4.127605633802817198e-01 7.204522805999999983e-09
4.586267605633803091e-01 5.551713918000000674e-09
5.044859154929578482e-01 4.009455450000000129e-09
5.503521126760564375e-01 2.662022069999999787e-09
5.962112676056338101e-01 1.624290084000000108e-09
6.420774647887323994e-01 8.880563303999999569e-10
6.879366197183098830e-01 4.390453854000000037e-10
7.338028169014084723e-01 1.924218180000000216e-10
7.796478873239436336e-01 7.937840592000000147e-11
8.254929577464789059e-01 2.958585588000000080e-11
8.714084507042254568e-01 9.753911622000000616e-12
9.172535211267606181e-01 3.161742012000000184e-12
9.630985915492958904e-01 6.760398510000000989e-13
1.008943661971831052e+00 1.121301694799999988e-13
1.054859154929577381e+00 2.414004605999999979e-14
1.100704225352112875e+00 1.944245429999999707e-14
1.146549295774647925e+00 2.270769714000000305e-14
1.192394366197183198e+00 1.837059588000000150e-14
1.238309859154929526e+00 8.489471165999999587e-15
1.284154929577464799e+00 4.940802684000000915e-14
1.330000000000000071e+00 0.000000000000000000e+00
1.375845070422535343e+00 0.000000000000000000e+00
1.421760563380281672e+00 0.000000000000000000e+00
1.467605633802816945e+00 0.000000000000000000e+00
1.513450704225351995e+00 0.000000000000000000e+00
1.559295774647887267e+00 4.428265302000000363e-15
1.605211267605634040e+00 2.451014963999999938e-14
1.651056338028169312e+00 0.000000000000000000e+00
1.696901408450704363e+00 0.000000000000000000e+00
1.742746478873239635e+00 0.000000000000000000e+00
1.788661971830985964e+00 0.000000000000000000e+00
1.834507042253521236e+00 0.000000000000000000e+00
1.880352112676056286e+00 0.000000000000000000e+00
1.926197183098591781e+00 0.000000000000000000e+00
1.972112676056338110e+00 9.643681637999999615e-15
2.017957746478873382e+00 1.221069443400000009e-14
2.063802816901408654e+00 0.000000000000000000e+00
2.109647887323943927e+00 0.000000000000000000e+00
2.155563380281690478e+00 1.564256399399999888e-14
2.201408450704225750e+00 0.000000000000000000e+00
2.247253521126760578e+00 2.011216554000000039e-14
2.293098591549295850e+00 0.000000000000000000e+00
