7.683098591549295975e+01 3.158858088000000176e-10
1.536549295774647987e+02 3.583435788000000370e-10
2.304859154929577585e+02 4.051432566000000345e-10
3.073169014084506898e+02 4.613156874000000531e-10
3.841408450704225856e+02 5.193306252000000684e-10
4.609718309859155170e+02 5.705042544000000723e-10
5.378028169014085051e+02 6.090687269999999404e-10
6.146267605633802305e+02 6.288075846000000834e-10
6.914577464788732186e+02 6.324925986000000767e-10
7.683098591549296543e+02 6.192746136000000760e-10
8.451408450704226425e+02 5.904674171999999478e-10
9.219718309859155170e+02 5.463113363999999815e-10
9.988028169014086188e+02 4.889372706000000145e-10
1.075633802816901380e+03 4.189540482000000151e-10
1.152394366197183217e+03 3.407836860000000065e-10
1.229225352112676092e+03 2.588642225999999997e-10
1.306056338028169193e+03 1.791717894000000185e-10
1.382887323943662068e+03 1.100649594600000038e-10
1.459718309859154942e+03 5.755991868000000167e-11
1.536549295774648044e+03 2.434352292000000069e-11
1.613380281690140919e+03 7.889614974000001231e-12
1.690211267605633793e+03 1.874390382000000048e-12
1.767042253521126668e+03 2.890653156000000221e-13
1.843873239436619770e+03 4.542821172000000192e-14
1.920704225352112644e+03 3.564049410000000265e-14
1.997535211267605973e+03 3.290717502000000248e-14
2.074366197183098848e+03 2.677883652000000171e-14
2.151197183098591722e+03 3.005048808000000244e-14
2.228028169014084597e+03 2.756390472000000515e-14
2.304859154929577926e+03 2.682529973999999834e-14
2.381690140845070346e+03 2.341906505999999747e-14
2.458521126760563220e+03 2.248499412000000256e-14
2.535352112676056549e+03 2.352320676000000363e-14
2.612183098591549424e+03 2.317873806000000196e-14
2.689014084507042753e+03 2.013940260000000016e-14
2.765845070422535173e+03 2.331332118000000210e-14
2.842676056338028047e+03 2.296404594000000121e-14
2.919507042253521377e+03 1.886086296000000358e-14
2.996338028169014251e+03 2.051591489999999765e-14
3.073169014084507126e+03 1.673957664000000035e-14
3.150000000000000000e+03 1.875832343999999926e-14
3.226830985915493329e+03 1.725868296000000088e-14
3.303591549295775167e+03 1.568005500600000223e-14
3.380422535211267586e+03 1.973565323999999974e-14
3.457253521126760916e+03 1.484547944399999898e-14
3.534084507042253335e+03 1.674598535999999825e-14
3.610915492957747119e+03 1.392214310999999969e-14
3.687746478873239539e+03 1.343011363200000000e-14
3.764577464788732414e+03 1.501787401200000032e-14
3.841408450704225288e+03 1.385276871599999944e-14
