3.000000000000000444e+00 4.674840804000000396e-10
6.000000000000000888e+00 4.758955254000000400e-10
9.000000000000000000e+00 4.865980878000000709e-10
1.200000000000000178e+01 4.837782509999999618e-10
1.500000000000000000e+01 4.903632108000000573e-10
1.800000000000000000e+01 4.845312755999999798e-10
2.100000000000000000e+01 4.848036462000000391e-10
2.400000000000000355e+01 4.821440274000000196e-10
2.700000000000000000e+01 4.898184696000000421e-10
3.000000000000000000e+01 4.893538374000000200e-10
3.300000000000000711e+01 4.985663724000000549e-10
3.600000000000000000e+01 4.989348738000000439e-10
3.900000000000000000e+01 4.911002136000000353e-10
4.200000000000000000e+01 4.870306764000000130e-10
4.500000000000000711e+01 4.983580890000000522e-10
4.800000000000000711e+01 4.937438106000000147e-10
5.100000000000000711e+01 4.953139470000000038e-10
5.400000000000000000e+01 4.780424465999999174e-10
5.700000000000000000e+01 4.912764534000000615e-10
6.000000000000000000e+01 4.855406490000000171e-10
6.300000000000000711e+01 4.745176506000000138e-10
6.600000000000001421e+01 4.996718766000000219e-10
6.900000000000000000e+01 4.966918218000000300e-10
7.200000000000000000e+01 4.877837010000000310e-10
7.500000000000000000e+01 4.850119296000000418e-10
7.800000000000000000e+01 4.991912225999999598e-10
8.100000000000001421e+01 4.842589050000000239e-10
8.400000000000000000e+01 4.937918760000000312e-10
8.700000000000001421e+01 4.906836468000000297e-10
9.000000000000001421e+01 4.845312755999999798e-10
9.300000000000001421e+01 4.785551442000000594e-10
9.600000000000001421e+01 4.823202672000000458e-10
9.900000000000001421e+01 4.781866427999999671e-10
1.020000000000000142e+02 4.922217396000000422e-10
1.050000000000000000e+02 4.826727467999999949e-10
1.080000000000000000e+02 4.915328021999999774e-10
1.110000000000000284e+02 4.719541626000000274e-10
1.140000000000000000e+02 4.909880609999999622e-10
1.170000000000000000e+02 4.885367255999999455e-10
1.200000000000000000e+02 4.797087138000000430e-10
1.230000000000000000e+02 4.877035920000000378e-10
1.260000000000000142e+02 4.940642465999999871e-10
1.290000000000000284e+02 4.840025562000000046e-10
1.320000000000000284e+02 4.665227724000000189e-10
1.350000000000000000e+02 4.758154164000000469e-10
1.380000000000000000e+02 4.817755260000000307e-10
1.410000000000000000e+02 4.554837522000000790e-10
1.440000000000000000e+02 4.529683296000000058e-10
1.470000000000000000e+02 4.590726354000000392e-10
1.500000000000000000e+02 4.306980276000000081e-10
