7.683098591549295975e+01 6.986145672000000565e-10
1.536549295774647987e+02 6.835220316000000310e-10
2.304859154929577585e+02 6.613478603999999113e-10
3.073169014084506898e+02 6.353284571999999155e-10
3.841408450704225856e+02 6.087963563999999845e-10
4.609718309859155170e+02 5.791720481999999886e-10
5.378028169014085051e+02 5.476892112000000077e-10
6.146267605633802305e+02 5.124572729999999770e-10
6.914577464788732186e+02 4.735563425999999930e-10
7.683098591549296543e+02 4.302814608000000026e-10
8.451408450704226425e+02 3.817994939999999947e-10
9.219718309859155170e+02 3.298247748000000597e-10
9.988028169014086188e+02 2.743733249999999791e-10
1.075633802816901380e+03 2.186014392000000035e-10
1.152394366197183217e+03 1.636146216000000225e-10
1.229225352112676092e+03 1.128928071600000036e-10
1.306056338028169193e+03 7.085641049999999402e-11
1.382887323943662068e+03 3.926622743999999601e-11
1.459718309859154942e+03 1.836578933999999817e-11
1.536549295774648044e+03 6.962593626000000568e-12
1.613380281690140919e+03 2.020829633999999885e-12
1.690211267605633793e+03 3.954981330000000582e-13
1.767042253521126668e+03 7.885289087999998415e-14
1.843873239436619770e+03 2.921895666000000237e-14
1.920704225352112644e+03 2.905873866000000116e-14
1.997535211267605973e+03 2.473445484000000172e-14
2.074366197183098848e+03 2.381800788000000183e-14
2.151197183098591722e+03 2.120164794000000046e-14
2.228028169014084597e+03 2.200113575999999839e-14
2.304859154929577926e+03 2.225107584000000180e-14
2.381690140845070346e+03 2.156374062000000030e-14
2.458521126760563220e+03 1.932869951999999880e-14
2.535352112676056549e+03 1.985741892000000407e-14
2.612183098591549424e+03 2.272532112000000123e-14
2.689014084507042753e+03 1.749900995999999955e-14
2.765845070422535173e+03 1.689819245999999972e-14
2.842676056338028047e+03 2.180246544000000344e-14
2.919507042253521377e+03 2.143236185999999754e-14
2.996338028169014251e+03 1.579397000400000101e-14
3.073169014084507126e+03 1.729393092000000039e-14
3.150000000000000000e+03 1.920212730000000156e-14
3.226830985915493329e+03 1.804855770000000038e-14
3.303591549295775167e+03 1.566883974599999880e-14
3.380422535211267586e+03 1.653930414000000041e-14
3.457253521126760916e+03 1.585741633200000328e-14
3.534084507042253335e+03 1.905793110000000299e-14
3.610915492957747119e+03 1.506978464399999816e-14
3.687746478873239539e+03 1.465738351199999916e-14
3.764577464788732414e+03 1.301867380799999927e-14
3.841408450704225288e+03 1.393399924199999881e-14
