3.676056338028168830e+04 3.054075516000000295e-10
7.352112676056337659e+04 3.424499531999999769e-10
1.102816901408450794e+05 3.764321909999999910e-10
1.470422535211267532e+05 4.091326848000000119e-10
1.838028169014084851e+05 4.373951400000000216e-10
2.205633802816901589e+05 4.583356326000000095e-10
2.573239436619718326e+05 4.713293124000001225e-10
2.940845070422535064e+05 4.746938904000000400e-10
3.308450704225351801e+05 4.689420641999999556e-10
3.676056338028169703e+05 4.553235341999999377e-10
4.043661971830986440e+05 4.344471287999999546e-10
4.411267605633803178e+05 4.082194422000000077e-10
4.778943661971831461e+05 3.783868506000000090e-10
5.146549295774648199e+05 3.464073378000000295e-10
5.514154929577464936e+05 3.142996506000000403e-10
5.881760563380281674e+05 2.831052060000000036e-10
6.249366197183098411e+05 2.542980095999999788e-10
6.616971830985916313e+05 2.283587154000000278e-10
6.984577464788733050e+05 2.054315195999999936e-10
7.352112676056339405e+05 1.863655776000000047e-10
7.719718309859154979e+05 1.692863387999999846e-10
8.087323943661972880e+05 1.553361575399999973e-10
8.454929577464788454e+05 1.432076549400000011e-10
8.822535211267606355e+05 1.328047002000000148e-10
9.190140845070421929e+05 1.236242088000000082e-10
9.557746478873239830e+05 1.154226493799999990e-10
9.925352112676056568e+05 1.076889265199999889e-10
1.029295774647887331e+06 1.008043590600000040e-10
1.066056338028169004e+06 9.431713223999999476e-11
1.102816901408450678e+06 8.809586730000000038e-11
1.139577464788732585e+06 8.224951248000000064e-11
1.176338028169014025e+06 7.693187706000000197e-11
1.213098591549295932e+06 7.173280296000000447e-11
1.249859154929577373e+06 6.720344010000000314e-11
1.286619718309859280e+06 6.287755410000000034e-11
1.323380281690140720e+06 5.866702506000000882e-11
1.360140845070422394e+06 5.466317723999999927e-11
1.396901408450704301e+06 5.100219594000000133e-11
1.433661971830986207e+06 4.769048987999999480e-11
1.470422535211267881e+06 4.460469119999999367e-11
1.507183098591549322e+06 4.166308872000000340e-11
1.543943661971830996e+06 3.886888680000000097e-11
1.580704225352112902e+06 3.624131160000000334e-11
1.617464788732394576e+06 3.396301164000000359e-11
1.654225352112676250e+06 3.148924571999999945e-11
1.690985915492957691e+06 2.935514195999999764e-11
1.727746478873239597e+06 2.741169761999999921e-11
1.764507042253521271e+06 2.541538133999999938e-11
1.801267605633802945e+06 2.361773538000000029e-11
1.838028169014084386e+06 2.183771340000000060e-11
