3.000000000000000444e+00 3.116240100000000326e-10
6.000000000000000888e+00 5.167991808000000586e-10
9.000000000000000000e+00 4.758795036000001034e-10
1.200000000000000178e+01 4.374111618000000616e-10
1.500000000000000000e+01 4.740530183999999917e-10
1.800000000000000000e+01 4.665868596000000754e-10
2.100000000000000000e+01 5.334137874000000566e-10
2.400000000000000355e+01 5.434914995999999758e-10
2.700000000000000000e+01 5.616922643999998995e-10
3.000000000000000000e+01 3.951616752000000450e-10
3.300000000000000711e+01 5.871188610000000703e-10
3.600000000000000000e+01 5.620928094000000718e-10
3.900000000000000000e+01 5.110313328000000376e-10
4.200000000000000000e+01 4.461590645999999710e-10
4.500000000000000711e+01 5.309464302000000000e-10
4.800000000000000711e+01 5.768969525999999981e-10
5.100000000000000711e+01 5.178566196000000090e-10
5.400000000000000000e+01 5.955463278000000073e-10
5.700000000000000000e+01 5.933833847999999865e-10
6.000000000000000000e+01 4.989188520000000039e-10
6.300000000000000711e+01 5.901950465999999919e-10
6.600000000000001421e+01 5.627336814000000167e-10
6.900000000000000000e+01 4.445408628000000171e-10
7.200000000000000000e+01 5.175842490000000531e-10
7.500000000000000000e+01 5.295845772000000137e-10
7.800000000000000000e+01 4.766325282000000180e-10
8.100000000000001421e+01 5.459107914000001193e-10
8.400000000000000000e+01 4.393177560000000113e-10
8.700000000000001421e+01 4.359211344000000139e-10
9.000000000000001421e+01 4.778021196000000415e-10
9.300000000000001421e+01 4.515423893999999630e-10
9.600000000000001421e+01 5.730997859999999318e-10
9.900000000000001421e+01 3.116240100000000326e-10
1.020000000000000142e+02 5.297608170000000399e-10
1.050000000000000000e+02 5.123931858000001273e-10
1.080000000000000000e+02 5.388932429999999783e-10
1.110000000000000284e+02 4.174960643999999958e-10
1.140000000000000000e+02 4.937438106000000147e-10
1.170000000000000000e+02 5.701677966000000598e-10
1.200000000000000000e+02 3.845712654000000355e-10
1.230000000000000000e+02 4.822561799999999893e-10
1.260000000000000142e+02 4.125773717999999742e-10
1.290000000000000284e+02 6.167111255999999863e-10
1.320000000000000284e+02 5.013221220000000040e-10
1.350000000000000000e+02 5.177925323999999525e-10
1.380000000000000000e+02 5.430589110000000337e-10
1.410000000000000000e+02 4.848196679999999757e-10
1.440000000000000000e+02 5.501405466000000244e-10
1.470000000000000000e+02 5.228233775999999955e-10
1.500000000000000000e+02 5.526559691999999942e-10
