3.000000000000000444e+00 3.698792747999999548e-09
6.000000000000000888e+00 3.284308782000000038e-09
9.000000000000000000e+00 2.329409501999999853e-09
1.200000000000000178e+01 9.867666402000000914e-10
1.500000000000000000e+01 1.544870021400000237e-10
1.800000000000000000e+01 4.528241334000000176e-12
2.100000000000000000e+01 4.200755742000000340e-14
2.400000000000000355e+01 1.830170213999999801e-14
2.700000000000000000e+01 1.059089045400000080e-14
3.000000000000000000e+01 1.064664631800000117e-14
3.300000000000000711e+01 8.696633040000000510e-15
3.600000000000000000e+01 1.304158498199999974e-14
3.900000000000000000e+01 1.104655044600000063e-14
4.200000000000000000e+01 6.686538012000000183e-15
4.500000000000000711e+01 5.845874166000000030e-15
4.800000000000000711e+01 4.672277316000000272e-15
5.100000000000000711e+01 1.152720444599999955e-14
5.400000000000000000e+01 1.353249293400000066e-14
5.700000000000000000e+01 8.528404139999999548e-15
6.000000000000000000e+01 6.545225736000000353e-15
6.300000000000000711e+01 7.777141938000000592e-15
6.600000000000001421e+01 7.374353886000000021e-15
6.900000000000000000e+01 9.022516452000001002e-15
7.200000000000000000e+01 2.481616601999999943e-15
7.500000000000000000e+01 7.095734784000000234e-15
7.800000000000000000e+01 7.652011679999999964e-15
8.100000000000001421e+01 7.866062928000000289e-15
8.400000000000000000e+01 7.654254732000000650e-15
8.700000000000001421e+01 7.370508653999999070e-15
9.000000000000001421e+01 7.369066691999999305e-15
9.300000000000001421e+01 4.522473485999999987e-15
9.600000000000001421e+01 1.339903134000000087e-14
9.900000000000001421e+01 9.220866335999999237e-17
1.020000000000000142e+02 2.426501609999999992e-15
1.050000000000000000e+02 1.040007081600000036e-14
1.080000000000000000e+02 1.911240522000000015e-15
1.110000000000000284e+02 2.186014392000000034e-15
1.140000000000000000e+02 1.971162054000000366e-15
1.170000000000000000e+02 4.942404864000000391e-15
1.200000000000000000e+02 4.624372134000000722e-15
1.230000000000000000e+02 5.281105716000000634e-15
1.260000000000000142e+02 4.592168316000000453e-15
1.290000000000000284e+02 1.823441057999999873e-15
1.320000000000000284e+02 1.041064520399999982e-15
1.350000000000000000e+02 3.325324590000000125e-15
1.380000000000000000e+02 2.383723403999999869e-15
1.410000000000000000e+02 2.421214416000000065e-15
1.440000000000000000e+02 3.065130558000000227e-15
1.470000000000000000e+02 1.390243629600000015e-15
1.500000000000000000e+02 1.807739694000000198e-15
