6.714366197183098848e+02 5.696550989999999178e-10
1.342887323943662068e+03 5.390214173999999880e-10
2.014295774647887356e+03 5.056960733999999588e-10
2.685704225352113099e+03 4.720983588000000771e-10
3.357183098591548969e+03 4.391254943999999968e-10
4.028591549295774712e+03 4.054476708000000703e-10
4.700070422535211037e+03 3.710168226000000224e-10
5.371478873239437235e+03 3.363776909999999718e-10
6.042887323943661613e+03 3.005849898000000410e-10
6.714366197183097938e+03 2.627895636000000240e-10
7.385915492957746210e+03 2.227030199999999765e-10
8.057042253521126440e+03 1.814789286000000114e-10
8.728873239436621589e+03 1.400129080200000008e-10
9.400000000000000000e+03 9.995039712000000041e-11
1.007183098591549242e+04 6.443967960000000818e-11
1.074295774647887447e+04 3.607949142000000278e-11
1.141408450704225470e+04 1.639671011999999974e-11
1.208591549295774530e+04 5.815432746000000897e-12
1.275704225352112917e+04 1.534263589799999946e-12
1.342887323943661977e+04 4.422657672000000226e-13
1.410000000000000182e+04 2.877194844000000144e-13
1.477183098591549242e+04 2.789715816000000149e-13
1.544295774647887447e+04 2.544261839999999876e-13
1.611408450704225288e+04 2.586719610000000167e-13
1.678591549295774530e+04 2.464152839999999899e-13
1.745704225352112553e+04 2.449092348000000126e-13
1.812887323943661977e+04 2.326205142000000120e-13
1.880000000000000000e+04 2.316912498000000164e-13
1.947183098591549424e+04 2.296564812000000432e-13
2.014295774647887447e+04 2.272211676000000197e-13
2.081478873239436871e+04 2.221422569999999666e-13
2.148591549295774894e+04 2.202516846000000015e-13
2.215704225352112553e+04 2.247698321999999840e-13
2.282887323943661613e+04 2.216455811999999950e-13
2.350000000000000000e+04 2.113916292000000181e-13
2.417183098591549060e+04 2.058000210000000066e-13
2.484295774647887447e+04 2.109910842000000182e-13
2.551478873239436507e+04 2.031564240000000023e-13
2.618591549295774530e+04 2.011697207999999898e-13
2.685704225352112917e+04 1.926301013999999963e-13
2.752887323943661977e+04 1.990388213999999944e-13
2.820000000000000364e+04 1.856766402000000154e-13
2.887183098591549424e+04 1.899865044000000172e-13
2.954295774647887811e+04 1.780182198000000317e-13
3.021478873239436507e+04 1.787872661999999820e-13
3.088591549295774894e+04 1.748939688000000175e-13
3.155774647887324318e+04 1.688056848000000091e-13
3.222887323943662341e+04 1.572683866200000112e-13
3.290000000000000728e+04 1.539582827400000231e-13
3.357183098591549060e+04 1.514076121800000184e-13
