9.253521126760564584e+03 2.848355604000000306e-10
1.850704225352112917e+04 3.012579054000000142e-10
2.776056338028169193e+04 3.095892413999999698e-10
3.701338028169013705e+04 3.161902230000000535e-10
4.626690140845070709e+04 3.207564360000000227e-10
5.552042253521126986e+04 3.250502784000000360e-10
6.477394366197183990e+04 3.270850470000000472e-10
7.402816901408451668e+04 3.280463550000000162e-10
8.328169014084507944e+04 3.274215048000000596e-10
9.253521126760564221e+04 3.247458642000000002e-10
1.017887323943662050e+05 3.197630844000000254e-10
1.110422535211267677e+05 3.130659720000000120e-10
1.202957746478873305e+05 3.031004123999999591e-10
1.295492957746479078e+05 2.902509287999999992e-10
1.388028169014084560e+05 2.740368671999999666e-10
1.480563380281690334e+05 2.532565926000000166e-10
1.573098591549295816e+05 2.273653638000000047e-10
1.665633802816901589e+05 1.967637257999999997e-10
1.758169014084507362e+05 1.618201800000000166e-10
1.850704225352112844e+05 1.248418655999999965e-10
1.943239436619718326e+05 8.917733879999999785e-11
2.035774647887324099e+05 5.933032757999998642e-11
2.128309859154929873e+05 3.898744811999999568e-11
2.220845070422535355e+05 2.850919091999999788e-11
2.313380281690141128e+05 2.470080906000000241e-11
2.405915492957746610e+05 2.352000240000000456e-11
2.498450704225352092e+05 2.293680888000000069e-11
2.590985915492958156e+05 2.223345186000000069e-11
2.683521126760563930e+05 2.150445996000000070e-11
2.776056338028169121e+05 2.089883591999999966e-11
2.868591549295774894e+05 2.039735358000000001e-11
2.961126760563380667e+05 1.991189304000000156e-11
3.053661971830985858e+05 1.934792568000000172e-11
3.146197183098591631e+05 1.887528258000000165e-11
3.238661971830985858e+05 1.832893920000000121e-11
3.331197183098591631e+05 1.781624159999999812e-11
3.423732394366196822e+05 1.743972930000000207e-11
3.516267605633802596e+05 1.688857938000000061e-11
3.608802816901408951e+05 1.649924964000000294e-11
3.701338028169014142e+05 1.603782179999999661e-11
3.793873239436619915e+05 1.564721031600000040e-11
3.886408450704225688e+05 1.519331272200000007e-11
3.978943661971830879e+05 1.477274047200000069e-11
4.071478873239436653e+05 1.440936604800000104e-11
4.164014084507041844e+05 1.401122431800000044e-11
4.256549295774647617e+05 1.356950329200000083e-11
4.349084507042253972e+05 1.321189671599999948e-11
4.441619718309859163e+05 1.278683836200000197e-11
4.534154929577465518e+05 1.240503886799999899e-11
4.626690140845070709e+05 1.182232600199999942e-11
