3.000000000000000444e+00 6.093410975999999997e-10
6.000000000000000888e+00 6.247380474000000611e-10
9.000000000000000000e+00 6.291280205999999524e-10
1.200000000000000178e+01 6.287114538000000503e-10
1.500000000000000000e+01 6.270451866000000282e-10
1.800000000000000000e+01 6.264844236000000764e-10
2.100000000000000000e+01 6.245297640000000584e-10
2.400000000000000355e+01 6.209569026000000348e-10
2.700000000000000000e+01 6.227513441999999632e-10
3.000000000000000000e+01 6.156376649999999959e-10
3.300000000000000711e+01 6.187619160000000374e-10
3.600000000000000000e+01 6.150608802000000041e-10
3.900000000000000000e+01 6.165669294000000401e-10
4.200000000000000000e+01 6.111675828000000081e-10
4.500000000000000711e+01 6.077549393999999707e-10
4.800000000000000711e+01 6.074665470000000782e-10
5.100000000000000711e+01 6.009616961999999759e-10
5.400000000000000000e+01 6.023716146000000821e-10
5.700000000000000000e+01 5.993274725999999303e-10
6.000000000000000000e+01 5.956905239999999536e-10
6.300000000000000711e+01 5.956104149999999604e-10
6.600000000000001421e+01 5.874713406000000193e-10
6.900000000000000000e+01 5.863017492000000992e-10
7.200000000000000000e+01 5.827929750000001321e-10
7.500000000000000000e+01 5.807582064000000176e-10
7.800000000000000000e+01 5.783389146000000809e-10
8.100000000000001421e+01 5.730997859999999318e-10
8.400000000000000000e+01 5.745577698000000545e-10
8.700000000000001421e+01 5.719462164000000516e-10
9.000000000000001421e+01 5.639192945999999768e-10
9.300000000000001421e+01 5.636148803999999409e-10
9.600000000000001421e+01 5.585199480000000482e-10
9.900000000000001421e+01 5.544343890000000894e-10
1.020000000000000142e+02 5.543382582000000563e-10
1.050000000000000000e+02 5.500764593999999679e-10
1.080000000000000000e+02 5.444367857999999565e-10
1.110000000000000284e+02 5.378518260000000679e-10
1.140000000000000000e+02 5.383324799999999232e-10
1.170000000000000000e+02 5.336060489999999160e-10
1.200000000000000000e+02 5.307381468000001006e-10
1.230000000000000000e+02 5.250664296000000094e-10
1.260000000000000142e+02 5.161102433999999937e-10
1.290000000000000284e+02 5.140594530000000460e-10
1.320000000000000284e+02 5.095733489999999148e-10
1.350000000000000000e+02 5.016425579999999765e-10
1.380000000000000000e+02 4.949134020000000382e-10
1.410000000000000000e+02 4.871588508000000226e-10
1.440000000000000000e+02 4.760236997999999463e-10
1.470000000000000000e+02 4.649846796000000064e-10
1.500000000000000000e+02 4.427143776000000087e-10
