5.757253521126760461e+03 2.782666223999999751e-10
1.151478873239436689e+04 2.943845532000000262e-10
1.727183098591549424e+04 3.021391043999999901e-10
2.302887323943661977e+04 3.080030832000000441e-10
2.878661971830985931e+04 3.128576886000000609e-10
3.454366197183098848e+04 3.167990514000000218e-10
4.030070422535211401e+04 3.205000872000000034e-10
4.605774647887323954e+04 3.220542018000000042e-10
5.181549295774647908e+04 3.238326215999999960e-10
5.757253521126760461e+04 3.236884254000000497e-10
6.332957746478873742e+04 3.222464633999999670e-10
6.908732394366197695e+04 3.192183432000000102e-10
7.484507042253520922e+04 3.128576886000000609e-10
8.059859154929578654e+04 3.018346902000000059e-10
8.635915492957746028e+04 2.847874950000000140e-10
9.211267605633803760e+04 2.584476557999999941e-10
9.787323943661972589e+04 2.223505404000000017e-10
1.036338028169014142e+05 1.775535876000000129e-10
1.093873239436619624e+05 1.275207105599999812e-10
1.151478873239436653e+05 7.935917975999999743e-11
1.209014084507042280e+05 4.211810784000000408e-11
1.266619718309859309e+05 2.069696123999999608e-11
1.324154929577464936e+05 1.287768196800000067e-11
1.381760563380281674e+05 1.121670196200000161e-11
1.439295774647887156e+05 1.090539838800000103e-11
1.496901408450704184e+05 1.063511062199999915e-11
1.554436619718309958e+05 1.039798798200000003e-11
1.612042253521126986e+05 1.025907897600000094e-11
1.669577464788732177e+05 9.991514916000000810e-12
1.727183098591549206e+05 9.836584110000000511e-12
1.784718309859154979e+05 9.536656013999999951e-12
1.842323943661972007e+05 9.308024928000000885e-12
1.899929577464788745e+05 9.098780220000000824e-12
1.957464788732394518e+05 8.879601996000000725e-12
2.015070422535211546e+05 8.656578540000000143e-12
2.072605633802817320e+05 8.462394324000000764e-12
2.130211267605633766e+05 8.281508201999999220e-12
2.187746478873239248e+05 8.014905450000001235e-12
2.245352112676056277e+05 7.894741950000000260e-12
2.302887323943662050e+05 7.634387700000000032e-12
2.360492957746478787e+05 7.532328834000001131e-12
2.418028169014084560e+05 7.320841074000000384e-12
2.475633802816901880e+05 7.172318988000000891e-12
2.533169014084506780e+05 7.016747309999999704e-12
2.590774647887324390e+05 6.879921137999999865e-12
2.648309859154929873e+05 6.711532020000000297e-12
2.705915492957746610e+05 6.494917283999999712e-12
2.763450704225351801e+05 6.272855136000000463e-12
2.821056338028169121e+05 6.093090540000000070e-12
2.878661971830985858e+05 5.834178252000000629e-12
