6.610985915492957263e-03 1.480654647000000301e-08
1.322183098591549373e-02 1.990868868000000181e-08
1.983309859154929605e-02 2.350398060000000033e-08
2.644366197183098746e-02 2.617161030000000088e-08
3.305492957746478805e-02 2.859731082000000072e-08
3.966549295774647599e-02 2.998800305999999693e-08
4.627676056338028004e-02 2.984540904000000092e-08
5.288802816901409104e-02 2.818394838000000318e-08
5.949859154929577204e-02 2.490588810000000054e-08
6.610985915492957610e-02 2.064248711999999826e-08
7.271830985915493650e-02 1.599968991600000214e-08
7.933098591549295198e-02 1.147961970000000043e-08
8.594366197183099521e-02 7.545947363999999573e-09
9.255633802816901068e-02 4.610112732000000586e-09
9.916197183098590662e-02 2.568454757999999561e-09
1.057746478873239498e-01 1.329921552600000277e-09
1.123873239436619792e-01 6.425542890000001627e-10
1.190000000000000085e-01 2.859250428000000093e-10
1.256056338028169184e-01 1.204887425399999955e-10
1.322183098591549200e-01 5.092689347999999307e-11
1.388309859154929771e-01 1.815910812000000004e-11
1.454436619718310064e-01 6.519110202000000534e-12
1.520492957746479024e-01 3.166228115999999536e-12
1.586619718309859040e-01 1.137483712800000029e-12
1.652746478873239333e-01 5.254669745999999644e-13
1.718873239436619904e-01 3.416007978000000050e-13
1.784929577464788863e-01 0.000000000000000000e+00
1.851056338028168879e-01 0.000000000000000000e+00
1.917183098591549173e-01 0.000000000000000000e+00
1.983309859154929744e-01 0.000000000000000000e+00
2.049366197183098703e-01 0.000000000000000000e+00
2.115492957746478997e-01 0.000000000000000000e+00
2.181619718309859290e-01 0.000000000000000000e+00
2.247746478873239584e-01 0.000000000000000000e+00
2.313802816901408543e-01 0.000000000000000000e+00
2.379929577464788837e-01 0.000000000000000000e+00
2.446056338028169130e-01 0.000000000000000000e+00
2.512183098591549424e-01 0.000000000000000000e+00
2.578309859154929717e-01 0.000000000000000000e+00
2.644366197183098399e-01 0.000000000000000000e+00
2.710492957746478693e-01 0.000000000000000000e+00
2.776619718309859541e-01 0.000000000000000000e+00
2.842746478873239835e-01 0.000000000000000000e+00
2.908802816901408517e-01 0.000000000000000000e+00
2.974929577464788810e-01 0.000000000000000000e+00
3.041056338028169659e-01 0.000000000000000000e+00
3.107183098591549397e-01 0.000000000000000000e+00
3.173239436619718079e-01 0.000000000000000000e+00
3.239366197183098928e-01 0.000000000000000000e+00
3.305492957746478666e-01 0.000000000000000000e+00
