1.219366197183098620e+03 5.670595673999999549e-10
2.438732394366197241e+03 5.348076840000000195e-10
3.658098591549295634e+03 4.998000510000000315e-10
4.877464788732394481e+03 4.650327450000000229e-10
6.096830985915493329e+03 4.307460929999999730e-10
7.316197183098591267e+03 3.963152447999999768e-10
8.535915492957747119e+03 3.618203094000000275e-10
9.754929577464788963e+03 3.269248290000000092e-10
1.097464788732394481e+04 2.915166510000000040e-10
1.219366197183098666e+04 2.554355573999999740e-10
1.341338028169014069e+04 2.173196952000000104e-10
1.463239436619718253e+04 1.788833969999999968e-10
1.585211267605633839e+04 1.392807117599999883e-10
1.707112676056338387e+04 1.009870075800000100e-10
1.829084507042253608e+04 6.678527112000000912e-11
1.950985915492957793e+04 3.838022190000000293e-11
2.072957746478873378e+04 1.817833428000000084e-11
2.194859154929577198e+04 6.793243200000000475e-12
2.316830985915492784e+04 2.155572972000000068e-12
2.438732394366197332e+04 9.772496910000000126e-13
2.560704225352112917e+04 7.772655834000000861e-13
2.682605633802817101e+04 7.383966966000000851e-13
2.804577464788732323e+04 7.321802382000000303e-13
2.926478873239436507e+04 7.307062326000000267e-13
3.048450704225352456e+04 7.121049228000000502e-13
3.170352112676056277e+04 6.911003429999999734e-13
3.292323943661971862e+04 6.740851913999999339e-13
3.414225352112676774e+04 6.493315103999999511e-13
3.536197183098591631e+04 6.315633341999999986e-13
3.658098591549295816e+04 6.389814276000000025e-13
3.780070422535211401e+04 6.218060580000000438e-13
3.901971830985915585e+04 5.960910689999999401e-13
4.023943661971831170e+04 6.088604435999999506e-13
4.145845070422536082e+04 5.937679080000000519e-13
4.267816901408450940e+04 5.748942276000000209e-13
4.389718309859154397e+04 5.427705186000000200e-13
4.511690140845070709e+04 5.500764593999999897e-13
4.633591549295774894e+04 5.437638701999999632e-13
4.755563380281691207e+04 5.176803798000001363e-13
4.877464788732394663e+04 5.036773266000000514e-13
4.999436619718309521e+04 5.303856671999999973e-13
5.121338028169014433e+04 5.087402154000000419e-13
5.243309859154929291e+04 4.901068620000000412e-13
5.365211267605634202e+04 4.932311130000000302e-13
5.487183098591549788e+04 4.731397758000000885e-13
5.609084507042253972e+04 4.777860977999999660e-13
5.731056338028168830e+04 4.478894189999999321e-13
5.852957746478873014e+04 4.394939957999999971e-13
5.974929577464789327e+04 4.208766642000000590e-13
6.096830985915494239e+04 4.003847819999999659e-13
