1.205211267605633824e-01 8.962755137999999325e-09
2.410422535211267647e-01 9.072824903999998959e-09
3.615633802816901055e-01 8.914689738000000150e-09
4.820845070422535295e-01 8.612198153999999694e-09
6.026056338028169534e-01 8.220625362000000281e-09
7.230985915492957883e-01 7.669155005999999730e-09
8.436619718309860128e-01 6.993035045999999973e-09
9.641549295774647366e-01 6.149647494000000538e-09
1.084718309859154850e+00 5.196670830000000601e-09
1.205211267605633907e+00 4.151088162000000356e-09
1.325704225352112520e+00 3.122809037999999865e-09
1.446267605633802855e+00 2.179926107999999887e-09
1.566760563380281690e+00 1.395723085199999870e-09
1.687323943661972026e+00 8.109594288000000938e-10
1.807816901408450860e+00 4.143718134000000577e-10
1.928309859154929473e+00 1.878876486000000289e-10
2.048873239436619809e+00 7.513583328000000753e-11
2.169366197183098421e+00 2.566852577999999971e-11
2.289859154929577922e+00 7.325968050000001029e-12
2.410422535211267814e+00 1.993592573999999691e-12
2.530915492957746427e+00 4.138430939999999924e-13
2.651478873239436762e+00 5.857249643999999542e-14
2.771971830985915819e+00 1.706642136000000068e-14
2.892464788732394432e+00 1.434271535999999894e-14
3.013028169014084767e+00 1.670432867999999768e-14
3.133521126760563380e+00 6.459989760000000318e-15
3.254084507042253716e+00 8.321242266000000203e-15
3.374577464788732772e+00 2.497478184000000039e-14
3.495070422535211385e+00 1.343475995399999882e-16
3.615633802816901721e+00 0.000000000000000000e+00
3.736126760563380333e+00 0.000000000000000000e+00
3.856690140845070669e+00 2.267405135999999908e-14
3.977183098591549282e+00 2.002725000000000057e-14
4.097676056338028339e+00 3.573662490000000591e-14
4.218239436619718674e+00 3.122648819999999786e-14
4.338732394366196843e+00 5.685976601999999813e-15
4.459295774647887178e+00 1.224882631800000229e-14
4.579788732394366235e+00 7.142999093999999363e-15
4.700281690140845292e+00 0.000000000000000000e+00
4.820845070422535628e+00 3.312507150000000060e-14
4.941338028169014684e+00 4.043581884000000416e-14
5.061901408450704132e+00 6.513662790000000505e-15
5.182394366197183189e+00 1.318594140000000038e-14
5.302887323943662246e+00 0.000000000000000000e+00
5.423450704225351693e+00 1.902268313999999717e-14
5.543943661971831638e+00 3.463592723999999926e-14
5.664507042253521085e+00 1.101210357600000047e-14
5.785000000000000142e+00 1.746376200000000004e-14
5.905492957746479199e+00 0.000000000000000000e+00
6.026056338028169534e+00 6.764083524000000683e-15
