1.689577464788732470e+02 6.258916169999999413e-10
3.379084507042253449e+02 6.013141757999999249e-10
5.068661971830985635e+02 5.713373879999999799e-10
6.758239436619718390e+02 5.419534068000000667e-10
8.447887323943662068e+02 5.127456654000000763e-10
1.013732394366197127e+03 4.825285506000000486e-10
1.182676056338028275e+03 4.496037516000000367e-10
1.351619718309859081e+03 4.160380805999999764e-10
1.520563380281690343e+03 3.793161150000000532e-10
1.689577464788732414e+03 3.400627050000000168e-10
1.858521126760563448e+03 2.967077142000000332e-10
2.027464788732394254e+03 2.500041672000000172e-10
2.196408450704225743e+03 2.010575681999999872e-10
2.365352112676056549e+03 1.532100646799999960e-10
2.534295774647887811e+03 1.084371445800000026e-10
2.703309859154929654e+03 6.997681368000000659e-11
2.872253521126760916e+03 3.942804762000000303e-11
3.041197183098591722e+03 1.868622534000000292e-11
3.210140845070422529e+03 7.189782750000000462e-12
3.379084507042253790e+03 2.027398572000000105e-12
3.548028169014085051e+03 4.196269638000000230e-13
3.717042253521126895e+03 8.485946369999999636e-14
3.885985915492958156e+03 5.022513864000000210e-14
4.054929577464788508e+03 4.132502874000000112e-14
4.223873239436619770e+03 4.123210230000000155e-14
4.392816901408451486e+03 4.033808586000000221e-14
4.561760563380281383e+03 3.820878863999999924e-14
4.730774647887324136e+03 3.633423804000000205e-14
4.899718309859155852e+03 3.943766069999999551e-14
5.068661971830986658e+03 3.350318597999999993e-14
5.237605633802816556e+03 3.706963865999999886e-14
5.406549295774648272e+03 3.238165998000000404e-14
5.575492957746478169e+03 3.229834662000000290e-14
5.744507042253521831e+03 3.286551833999999875e-14
5.913450704225352638e+03 2.886327269999999728e-14
6.082394366197183444e+03 3.248580167999999442e-14
6.251338028169014251e+03 3.314750202000000115e-14
6.420281690140845058e+03 3.109991597999999431e-14
6.589225352112676774e+03 3.445488090000000249e-14
6.758239436619718617e+03 2.917409562000000759e-14
6.927183098591549424e+03 2.996717472000000130e-14
7.095774647887325045e+03 2.724827526000000193e-14
7.264788732394366889e+03 2.594249855999999927e-14
7.433802816901409642e+03 2.491710336000000033e-14
7.602816901408450576e+03 3.000722922000000003e-14
7.771830985915493329e+03 2.929746348000000114e-14
7.940845070422535173e+03 2.723065128000000060e-14
8.109859154929577016e+03 2.449573002000000173e-14
8.278873239436619770e+03 2.597133780000000088e-14
8.447887323943661613e+03 2.571979554000000194e-14
