1.360985915492957865e+01 1.144405130399999935e-09
2.722042253521127009e+01 1.131283276200000071e-09
4.083028169014084341e+01 1.104943436999999896e-09
5.444084507042254018e+01 1.074822453000000005e-09
6.805070422535212060e+01 1.042250133600000200e-09
8.166197183098591950e+01 1.005688385999999953e-09
9.527464788732395107e+01 9.619008066000000792e-10
1.088802816901408477e+02 9.096857604000001648e-10
1.224929577464788792e+02 8.512702776000000806e-10
1.360985915492957758e+02 7.799732676000000081e-10
1.497112676056338216e+02 6.983902620000000138e-10
1.633239436619718390e+02 6.096294899999999956e-10
1.769295774647887356e+02 5.136428862000000405e-10
1.905422535211267814e+02 4.128337206000000452e-10
2.041549295774647987e+02 3.138991056000000231e-10
2.177605633802816953e+02 2.227190417999999907e-10
2.313732394366197695e+02 1.450437532200000180e-10
2.449859154929577585e+02 8.456466258000000059e-11
2.585915492957747119e+02 4.342068017999999623e-11
2.722042253521127009e+02 1.872147330000000170e-11
2.858169014084506898e+02 6.773215949999999774e-12
2.994225352112676433e+02 1.814789286000000025e-12
3.130352112676056322e+02 4.228793892000000080e-13
3.266408450704225856e+02 6.272855136000000968e-14
3.402535211267605746e+02 2.352000239999999994e-14
3.538661971830986204e+02 2.239366985999999853e-14
3.674718309859154601e+02 1.246576149000000214e-14
3.810845070422535628e+02 1.418441997600000057e-14
3.946971830985916085e+02 1.416006684000000033e-14
4.083028169014085051e+02 1.984299930000000012e-14
4.219154929577464941e+02 1.520388711000000311e-14
4.355281690140844830e+02 1.692222516000000211e-14
4.491338028169014365e+02 1.195402519799999936e-14
4.627464788732395391e+02 1.078058856599999931e-14
4.763591549295774712e+02 1.647201257999999876e-14
4.899647887323943678e+02 1.243003287600000113e-14
5.035774647887324136e+02 1.090299511800000091e-14
5.171901408450704594e+02 1.826324981999999797e-14
5.307957746478873560e+02 1.076600872799999958e-14
5.444084507042254018e+02 1.362445806600000196e-14
5.580140845070422984e+02 9.530727948000000682e-15
5.716267605633802305e+02 8.913407994000001442e-15
5.852394366197183899e+02 8.905076658000000697e-15
5.988450704225352865e+02 1.680526602000000015e-14
6.124577464788733323e+02 1.153361316600000061e-14
6.260704225352112644e+02 1.539646914600000115e-14
6.396760563380281610e+02 9.087244524000000963e-15
6.532887323943662068e+02 8.320441175999999282e-15
6.669014084507042526e+02 1.053849916799999988e-14
6.805070422535211492e+02 1.087287413400000003e-14
