3.157816901408450616e-01 5.648165153999999824e-09
6.315633802816901232e-01 5.751185328000000063e-09
9.473239436619719234e-01 5.720904126000000186e-09
1.263098591549295824e+00 5.559885035999999971e-09
1.578943661971830892e+00 5.357049048000000044e-09
1.894718309859154903e+00 5.085319319999999424e-09
2.210492957746478915e+00 4.718580317999999530e-09
2.526267605633802926e+00 4.260837492000000844e-09
2.842042253521126938e+00 3.725228718000000170e-09
3.157816901408450949e+00 3.103422660000000291e-09
3.473591549295774517e+00 2.465114147999999763e-09
3.789366197183098528e+00 1.828568033999999911e-09
4.105140845070422095e+00 1.252183779000000055e-09
4.420915492957746551e+00 7.823605157999999683e-10
4.736760563380281397e+00 4.345432596000000394e-10
5.052535211267605852e+00 2.161340819999999986e-10
5.368309859154929420e+00 9.317798226000001104e-11
5.684084507042253875e+00 3.316672817999999917e-11
5.999859154929577443e+00 1.036209915000000036e-11
6.315633802816901898e+00 2.563808436000000113e-12
6.631408450704226354e+00 5.698954259999999779e-13
6.947183098591549033e+00 1.969079220000000243e-13
7.262676056338028374e+00 6.979256298000000089e-14
7.578873239436619613e+00 3.629097917999999964e-14
7.894366197183098954e+00 2.420092890000000354e-14
8.210563380281691082e+00 1.949051969999999870e-14
8.526056338028169534e+00 1.846672668000000160e-14
8.841549295774647987e+00 2.056398029999999928e-14
9.157746478873239226e+00 2.513499984000000160e-14
9.473239436619717679e+00 4.856207579999999724e-15
9.789436619718310695e+00 1.084643816399999961e-14
1.010492957746478915e+01 2.359850922000000187e-14
1.042112676056338039e+01 3.532646682000000128e-14
1.073661971830985884e+01 1.370392619400000057e-14
1.105211267605633907e+01 8.424422658000000204e-15
1.136830985915493031e+01 2.921735448000000369e-14
1.168380281690140876e+01 1.055532205800000029e-14
1.200000000000000178e+01 1.464552738000000004e-14
1.231549295774648023e+01 2.311144650000000031e-14
1.263098591549295868e+01 2.371386617999999883e-14
1.294718309859155170e+01 1.102508123400000151e-14
1.326267605633803015e+01 3.013059707999999989e-14
1.357887323943661961e+01 0.000000000000000000e+00
1.389436619718309807e+01 3.826486493999999903e-15
1.420985915492958007e+01 6.498762516000000568e-15
1.452605633802817131e+01 5.764964076000000078e-15
1.484154929577464799e+01 8.119848239999999918e-15
1.515774647887323923e+01 1.559946535200000013e-14
1.547323943661971946e+01 0.000000000000000000e+00
1.578943661971831069e+01 0.000000000000000000e+00
