2.331197183098591267e+04 6.236966303999999439e-10
4.662394366197182535e+04 6.375394656000000563e-10
6.993521126760562765e+04 6.228314532000000597e-10
9.324647887323945179e+04 5.977733579999999812e-10
1.165563380281690042e+05 5.639833818000000333e-10
1.398732394366197113e+05 5.251305168000000659e-10
1.631830985915492929e+05 4.837942728000000018e-10
1.864929577464789036e+05 4.408398269999999838e-10
2.098098591549295816e+05 3.981257082000000486e-10
2.331197183098591922e+05 3.565491372000000052e-10
2.564295774647887156e+05 3.175841196000000164e-10
2.797394366197183263e+05 2.807500014000000201e-10
3.030563380281690042e+05 2.463031313999999839e-10
3.263661971830985858e+05 2.158617113999999910e-10
3.496760563380281674e+05 1.886566950000000093e-10
3.729859154929578071e+05 1.649123874000000298e-10
3.963028169014084851e+05 1.445230447199999852e-10
4.196126760563380667e+05 1.269903889800000175e-10
4.429225352112676483e+05 1.126588888800000040e-10
4.662394366197183845e+05 1.007659067399999959e-10
4.895492957746479660e+05 9.088366050000000362e-11
5.128591549295774312e+05 8.270613377999998981e-11
5.361690140845070127e+05 7.615642194000000300e-11
5.594859154929578071e+05 7.043503716000001009e-11
5.827957746478873305e+05 6.532728732000000267e-11
6.061056338028168539e+05 6.097576643999999019e-11
6.294225352112676483e+05 5.691424014000000084e-11
6.527323943661971716e+05 5.331093731999999562e-11
6.760422535211268114e+05 4.995437022000000122e-11
6.993521126760563347e+05 4.691663693999999725e-11
7.226760563380282838e+05 4.403751947999999747e-11
7.459859154929579236e+05 4.133944836000000874e-11
7.692957746478873305e+05 3.873911022000000282e-11
7.926056338028169703e+05 3.656495196000000446e-11
8.159154929577464936e+05 3.426101712000000148e-11
8.392253521126761334e+05 3.227751828000000326e-11
8.625352112676057732e+05 3.025396494000000203e-11
8.858450704225352965e+05 2.855565414000000332e-11
9.091549295774648199e+05 2.682369756000000402e-11
9.324647887323943432e+05 2.519908704000000247e-11
9.557746478873239830e+05 2.384364276000000245e-11
9.790845070422536228e+05 2.251543554000000061e-11
1.002394366197183146e+06 2.124330462000000300e-11
1.025704225352112786e+06 1.991189304000000156e-11
1.049014084507042309e+06 1.862213814000000132e-11
1.072323943661971949e+06 1.760635602000000040e-11
1.095633802816901589e+06 1.648002347999999891e-11
1.118943661971830996e+06 1.560106753200000106e-11
1.142253521126760403e+06 1.459121347800000149e-11
1.165563380281690042e+06 1.352528312400000254e-11
