3.000000000000000444e+00 4.546345968000000279e-10
6.000000000000000888e+00 5.029243019999999697e-10
9.000000000000000000e+00 5.046706781999999849e-10
1.200000000000000178e+01 4.828169430000000445e-10
1.500000000000000000e+01 4.911162354000000752e-10
1.800000000000000000e+01 5.142036491999999923e-10
2.100000000000000000e+01 5.001204870000001074e-10
2.400000000000000355e+01 4.563969947999999798e-10
2.700000000000000000e+01 5.135787989999999840e-10
3.000000000000000000e+01 4.957946010000000658e-10
3.300000000000000711e+01 5.103103517999999962e-10
3.600000000000000000e+01 5.252747130000000121e-10
3.900000000000000000e+01 5.014022309999999972e-10
4.200000000000000000e+01 5.446931346000000793e-10
4.500000000000000711e+01 4.373310528000000167e-10
4.800000000000000711e+01 5.200035407999999898e-10
5.100000000000000711e+01 4.838423382000000184e-10
5.400000000000000000e+01 4.980216312000000397e-10
5.700000000000000000e+01 4.848997769999999688e-10
6.000000000000000000e+01 4.778021196000000415e-10
6.300000000000000711e+01 5.072982534000000278e-10
6.600000000000001421e+01 4.086520308000000532e-10
6.900000000000000000e+01 4.974768900000000245e-10
7.200000000000000000e+01 5.001525305999999806e-10
7.500000000000000000e+01 4.906035378000000366e-10
7.800000000000000000e+01 5.102302428000000031e-10
8.100000000000001421e+01 5.201156934000000629e-10
8.400000000000000000e+01 5.306099723999999876e-10
8.700000000000001421e+01 4.621488210000000642e-10
9.000000000000001421e+01 4.969161269999999694e-10
9.300000000000001421e+01 5.003608139999999833e-10
9.600000000000001421e+01 4.993995059999999626e-10
9.900000000000001421e+01 4.556119266000000886e-10
1.020000000000000142e+02 5.237205983999999597e-10
1.050000000000000000e+02 5.034530213999999449e-10
1.080000000000000000e+02 5.116241393999999660e-10
1.110000000000000284e+02 4.262599889999999969e-10
1.140000000000000000e+02 4.799330189999999823e-10
1.170000000000000000e+02 5.118003791999999922e-10
1.200000000000000000e+02 5.111595072000000473e-10
1.230000000000000000e+02 5.414407091999999247e-10
1.260000000000000142e+02 5.128738398000000860e-10
1.290000000000000284e+02 5.629099211999999395e-10
1.320000000000000284e+02 4.717939445999999378e-10
1.350000000000000000e+02 4.799169972000000457e-10
1.380000000000000000e+02 4.622609736000000855e-10
1.410000000000000000e+02 4.758955254000000400e-10
1.440000000000000000e+02 5.009375987999999751e-10
1.470000000000000000e+02 4.859411939999999826e-10
1.500000000000000000e+02 4.711851162000000729e-10
