3.482042253521127577e+02 5.877917765999999918e-10
6.964084507042255154e+02 5.586160788000000813e-10
1.044647887323943678e+03 5.255631054000000080e-10
1.392816901408451031e+03 4.940001594000000340e-10
1.741056338028168966e+03 4.620847338000000076e-10
2.089225352112675864e+03 4.303936134000000240e-10
2.437464788732394481e+03 3.973887054000000189e-10
2.785633802816902062e+03 3.627816173999999965e-10
3.133873239436619770e+03 3.267005238000000182e-10
3.482042253521126895e+03 2.871907650000000142e-10
3.830281690140845512e+03 2.459025864000000183e-10
4.178450704225351728e+03 2.029481406000000004e-10
4.526690140845070346e+03 1.583290297800000004e-10
4.874859154929577926e+03 1.161949001399999952e-10
5.223098591549295634e+03 7.705524491999999446e-11
5.571267605633804123e+03 4.520550870000000016e-11
5.919507042253520922e+03 2.232317394000000228e-11
6.267676056338028502e+03 8.825288093999999347e-12
6.615915492957747119e+03 2.610912527999999978e-12
6.964084507042253790e+03 5.445008730000000155e-13
7.311971830985916313e+03 1.406665974600000116e-13
7.660563380281691025e+03 1.022895799199999987e-13
8.008450704225352638e+03 9.537457103999999900e-14
8.357042253521127350e+03 9.577191168000001413e-14
8.704929577464788963e+03 9.356090328000000871e-14
9.053521126760564584e+03 8.800294086000000748e-14
9.401408450704224379e+03 9.235285956000000169e-14
9.750000000000000000e+03 9.037096289999999781e-14
1.009788732394366161e+04 8.989351325999999785e-14
1.044647887323943723e+04 8.770333319999998797e-14
1.079436619718309885e+04 8.790841223999999660e-14
1.114225352112676228e+04 8.316275507999999857e-14
1.149084507042253426e+04 7.854367013999999777e-14
1.183873239436619770e+04 7.671558276000000667e-14
1.218732394366197150e+04 7.065293364000000256e-14
1.253521126760563493e+04 7.548671069999999148e-14
1.288380281690140873e+04 7.487628011999999953e-14
1.323169014084507216e+04 6.866302607999999263e-14
1.358028169014084597e+04 7.608752820000000393e-14
1.392816901408450758e+04 7.015786002000000442e-14
1.427605633802817101e+04 6.848358192000000086e-14
1.462464788732394481e+04 7.437479778000000664e-14
1.497253521126760825e+04 6.638953266000000055e-14
1.532112676056338205e+04 6.629019750000000623e-14
1.566901408450704548e+04 6.881363099999999541e-14
1.601760563380281747e+04 6.214696002000000671e-14
1.636549295774647908e+04 6.151409891999999528e-14
1.671408450704225470e+04 5.792521571999999581e-14
1.706197183098591631e+04 5.730196770000000174e-14
1.741056338028169193e+04 5.289757488000000800e-14
