4.586267605633802952e-02 7.002968562000000773e-09
9.172535211267605904e-02 8.700157836000001229e-09
1.375845070422535288e-01 1.030073565600000089e-08
1.834507042253521181e-01 1.161932979600000165e-08
2.293098591549295462e-01 1.287415717199999961e-08
2.751760563380282187e-01 1.352688530400000138e-08
3.210352112676056469e-01 1.357479048600000140e-08
3.669014084507042361e-01 1.294000677000000140e-08
4.127605633802817198e-01 1.164656685599999931e-08
4.586267605633803091e-01 9.830656043999999961e-09
5.044859154929578482e-01 7.722988254000001718e-09
5.503521126760564375e-01 5.589845802000000703e-09
5.962112676056338101e-01 3.682610730000000113e-09
6.420774647887323994e-01 2.194826381999999846e-09
6.879366197183098830e-01 1.173532762800000036e-09
7.338028169014084723e-01 5.554117188000000467e-10
7.796478873239436336e-01 2.378115773999999904e-10
8.254929577464789059e-01 8.844994908000000250e-11
8.714084507042254568e-01 2.966436270000000543e-11
9.172535211267606181e-01 8.988390018000000068e-12
9.630985915492958904e-01 2.558841677999999690e-12
1.008943661971831052e+00 6.886490076000000893e-13
1.054859154929577381e+00 1.120452539399999927e-13
1.100704225352112875e+00 0.000000000000000000e+00
1.146549295774647925e+00 0.000000000000000000e+00
1.192394366197183198e+00 0.000000000000000000e+00
1.238309859154929526e+00 0.000000000000000000e+00
1.284154929577464799e+00 0.000000000000000000e+00
1.330000000000000071e+00 1.638068832000000103e-14
1.375845070422535343e+00 1.817993645999999999e-14
1.421760563380281672e+00 3.358169279999999870e-14
1.467605633802816945e+00 1.005848604000000138e-14
1.513450704225351995e+00 0.000000000000000000e+00
1.559295774647887267e+00 0.000000000000000000e+00
1.605211267605634040e+00 0.000000000000000000e+00
1.651056338028169312e+00 0.000000000000000000e+00
1.696901408450704363e+00 1.544597650800000097e-14
1.742746478873239635e+00 0.000000000000000000e+00
1.788661971830985964e+00 1.711769111999999968e-14
1.834507042253521236e+00 5.058082259999999931e-15
1.880352112676056286e+00 0.000000000000000000e+00
1.926197183098591781e+00 1.476456935399999903e-14
1.972112676056338110e+00 1.992150611999999888e-14
2.017957746478873382e+00 1.621085724000000138e-14
2.063802816901408654e+00 0.000000000000000000e+00
2.109647887323943927e+00 0.000000000000000000e+00
2.155563380281690478e+00 1.702636686000000196e-14
2.201408450704225750e+00 0.000000000000000000e+00
2.247253521126760578e+00 0.000000000000000000e+00
2.293098591549295850e+00 1.852921170000000087e-14
