2.110563380281690115e+03 5.689341180000000832e-10
4.221126760563380230e+03 5.394540060000000335e-10
6.331690140845071255e+03 5.042380896000000428e-10
8.442253521126760461e+03 4.697431542000000935e-10
1.055281690140845058e+04 4.350239135999999980e-10
1.266338028169014251e+04 4.003527384000000225e-10
1.477394366197183263e+04 3.653931707999999994e-10
1.688450704225352092e+04 3.301452108000000321e-10
1.899507042253521286e+04 2.947530545999999635e-10
2.110563380281690115e+04 2.599216614000000018e-10
2.321619718309859309e+04 2.242571346000000031e-10
2.532676056338028502e+04 1.879837794000000103e-10
2.743732394366197695e+04 1.521269909999999972e-10
2.954788732394366525e+04 1.164704750999999926e-10
3.165845070422535355e+04 8.248343076000001310e-11
3.376901408450704184e+04 5.262199992000000187e-11
3.587957746478873014e+04 2.907956700000000337e-11
3.799014084507042571e+04 1.364544662400000029e-11
4.010070422535212128e+04 5.566293756000000060e-12
4.221126760563380230e+04 2.700794826000000175e-12
4.432183098591549060e+04 2.141954442000000173e-12
4.643239436619718617e+04 2.050950618000000038e-12
4.854295774647887447e+04 1.991990393999999893e-12
5.065352112676057004e+04 1.971482490000000141e-12
5.276408450704225106e+04 1.939438890000000151e-12
5.487464788732395391e+04 1.902268313999999919e-12
5.698521126760564221e+04 1.827446508000000001e-12
5.909577464788733050e+04 1.787071571999999972e-12
6.120633802816901880e+04 1.757591460000000102e-12
6.331690140845070709e+04 1.700874288000000239e-12
6.542746478873238812e+04 1.653609977999999950e-12
6.753802816901408369e+04 1.628936406000000078e-12
6.964859154929578654e+04 1.617560928000000263e-12
7.176056338028168830e+04 1.593800598600000122e-12
7.387323943661972589e+04 1.551599177400000026e-12
7.597887323943662341e+04 1.506145330800000146e-12
7.809154929577464645e+04 1.502668600200000092e-12
8.020422535211266950e+04 1.456766143200000075e-12
8.230985915492958156e+04 1.385308915200000176e-12
8.442253521126760461e+04 1.348987494600000031e-12
8.653521126760564221e+04 1.358808858000000034e-12
8.864084507042253972e+04 1.323673050600000079e-12
9.075352112676057732e+04 1.277738549999999936e-12
9.286619718309860036e+04 1.238693423400000055e-12
9.497887323943662341e+04 1.209918270599999909e-12
9.708450704225352092e+04 1.182424861800000127e-12
9.919718309859154397e+04 1.149115539600000038e-12
1.013098591549295670e+05 1.105360003800000129e-12
1.034154929577464791e+05 1.089898966799999901e-12
1.055281690140845021e+05 1.023007951800000072e-12
