3.000000000000000444e+00 3.301612325999999791e-09
6.000000000000000888e+00 1.313114684400000143e-14
9.000000000000000000e+00 1.008283917600000004e-14
1.200000000000000178e+01 7.290720089999999462e-15
1.500000000000000000e+01 4.348156301999999755e-15
1.800000000000000000e+01 5.363137332000000139e-15
2.100000000000000000e+01 1.896981120000000106e-15
2.400000000000000355e+01 3.519829242000000220e-15
2.700000000000000000e+01 3.389091354000000243e-15
3.000000000000000000e+01 4.881041369999999881e-15
3.300000000000000711e+01 4.962752550000000754e-15
3.600000000000000000e+01 1.148154231599999990e-15
3.900000000000000000e+01 0.000000000000000000e+00
4.200000000000000000e+01 2.339983889999999903e-15
4.500000000000000711e+01 0.000000000000000000e+00
4.800000000000000711e+01 1.681648128000000319e-15
5.100000000000000711e+01 0.000000000000000000e+00
5.400000000000000000e+01 0.000000000000000000e+00
5.700000000000000000e+01 4.172397156000000153e-16
6.000000000000000000e+01 2.950574688000000241e-15
6.300000000000000711e+01 1.165281535800000010e-15
6.600000000000001421e+01 3.184012314000000296e-15
6.900000000000000000e+01 0.000000000000000000e+00
7.200000000000000000e+01 5.998241484000000620e-16
7.500000000000000000e+01 3.479454306000000100e-15
7.800000000000000000e+01 7.198594740000000024e-16
8.100000000000001421e+01 6.520071509999999591e-16
8.400000000000000000e+01 1.661460660000000061e-15
8.700000000000001421e+01 0.000000000000000000e+00
9.000000000000001421e+01 0.000000000000000000e+00
9.300000000000001421e+01 0.000000000000000000e+00
9.600000000000001421e+01 0.000000000000000000e+00
9.900000000000001421e+01 0.000000000000000000e+00
1.020000000000000142e+02 0.000000000000000000e+00
1.050000000000000000e+02 2.442683627999999982e-15
1.080000000000000000e+02 6.474890033999999466e-16
1.110000000000000284e+02 7.955785008000000907e-16
1.140000000000000000e+02 0.000000000000000000e+00
1.170000000000000000e+02 0.000000000000000000e+00
1.200000000000000000e+02 0.000000000000000000e+00
1.230000000000000000e+02 0.000000000000000000e+00
1.260000000000000142e+02 0.000000000000000000e+00
1.290000000000000284e+02 0.000000000000000000e+00
1.320000000000000284e+02 0.000000000000000000e+00
1.350000000000000000e+02 0.000000000000000000e+00
1.380000000000000000e+02 0.000000000000000000e+00
1.410000000000000000e+02 0.000000000000000000e+00
1.440000000000000000e+02 0.000000000000000000e+00
1.470000000000000000e+02 1.286806888800000043e-15
1.500000000000000000e+02 0.000000000000000000e+00
