3.527464788732394481e+03 5.738207670000000766e-10
7.054929577464788963e+03 5.471604918000000325e-10
1.058239436619718253e+04 5.135787989999999840e-10
1.410985915492957793e+04 4.792921470000000374e-10
1.763732394366197332e+04 4.449093642000000061e-10
2.116478873239436507e+04 4.091967719999999650e-10
2.469225352112676046e+04 3.745095750000000012e-10
2.821971830985915585e+04 3.395179638000000016e-10
3.174718309859154760e+04 3.051512028000000102e-10
3.527464788732394663e+04 2.707523981999999906e-10
3.880211267605634202e+04 2.360331575999999985e-10
4.232957746478873014e+04 2.025636173999999972e-10
4.585704225352112553e+04 1.689979464000000145e-10
4.938450704225352092e+04 1.362237523200000062e-10
5.291197183098591631e+04 1.046624084999999948e-10
5.643943661971831170e+04 7.552516302000000197e-11
5.996760563380282110e+04 4.985984159999999539e-11
6.349507042253520922e+04 2.963392128000000443e-11
6.702253521126760461e+04 1.597838092199999782e-11
7.054929577464789327e+04 8.620209054000001021e-12
7.407746478873239539e+04 5.989429493999999756e-12
7.760563380281689751e+04 5.278221792000000586e-12
8.113380281690142874e+04 5.111755290000001260e-12
8.466197183098591631e+04 4.910040828000000732e-12
8.819014084507041844e+04 4.836180330000000531e-12
9.171126760563380958e+04 4.679647344000000435e-12
9.523943661971831170e+04 4.549069673999999968e-12
9.876760563380281383e+04 4.437718163999999495e-12
1.022957746478873305e+05 4.369144859999999757e-12
1.058239436619718326e+05 4.250903975999999831e-12
1.093521126760563493e+05 4.116801510000000132e-12
1.128802816901408514e+05 3.991190598000000491e-12
1.164084507042253535e+05 3.885606935999999936e-12
1.199366197183098557e+05 3.793481586000000265e-12
1.234647887323943723e+05 3.745255968000000865e-12
1.269929577464788890e+05 3.583275570000000083e-12
1.305140845070422656e+05 3.530243412000000482e-12
1.340422535211267532e+05 3.435714792000000307e-12
1.375704225352112844e+05 3.318915870000000361e-12
1.410985915492957865e+05 3.236884254000000142e-12
1.446267605633802887e+05 3.144758904000000067e-12
1.481549295774647908e+05 3.097494593999999980e-12
1.516830985915493220e+05 3.014341452000000226e-12
1.552112676056337950e+05 2.906034084000000338e-12
1.587394366197183263e+05 2.792119086000000350e-12
1.622676056338028575e+05 2.770489655999999852e-12
1.657887323943662050e+05 2.708805725999999970e-12
1.693169014084507071e+05 2.652889644000000007e-12
1.728450704225352383e+05 2.533367015999999920e-12
1.763732394366197695e+05 2.331332118000000159e-12
