1.473028169014084597e+04 2.898984491999999984e-10
2.946126760563380594e+04 3.088522385999999918e-10
4.419154929577464645e+04 3.203719127999999937e-10
5.892183098591549060e+04 3.291678809999999714e-10
7.365492957746479078e+04 3.365218872000000214e-10
8.838028169014085142e+04 3.411041220000000306e-10
1.031126760563380376e+05 3.443885910000000583e-10
1.178450704225352238e+05 3.453338772000000391e-10
1.325774647887324099e+05 3.435714792000000356e-10
1.473028169014084851e+05 3.388770918000000050e-10
1.620352112676056277e+05 3.316352382000000281e-10
1.767676056338027993e+05 3.205641744000000082e-10
1.915000000000000291e+05 3.067694046000000158e-10
2.062253521126760752e+05 2.898824273999999585e-10
2.209577464788732468e+05 2.697590465999999933e-10
2.356901408450704475e+05 2.473605701999999860e-10
2.504154929577464645e+05 2.223986057999999924e-10
2.651478873239436653e+05 1.954339163999999900e-10
2.798802816901408369e+05 1.677802896000000003e-10
2.946126760563380667e+05 1.406393603999999976e-10
3.093380281690141419e+05 1.151646984000000041e-10
3.240704225352112553e+05 9.261882144000000898e-11
3.388028169014084851e+05 7.445170242000001156e-11
3.535352112676055986e+05 6.151730328000000255e-11
3.682605633802817320e+05 5.333336784000000248e-11
3.829929577464789036e+05 4.878157446000000721e-11
3.977253521126760170e+05 4.609471860000000253e-11
4.124577464788733050e+05 4.439961216000000019e-11
4.271830985915492638e+05 4.277980818000000611e-11
4.419154929577464936e+05 4.130099604000000068e-11
4.566478873239436070e+05 3.978373158000000010e-11
4.713732394366197404e+05 3.843790038000000210e-11
4.861056338028169703e+05 3.712571496000000147e-11
5.008380281690140837e+05 3.589684290000000324e-11
5.155704225352112553e+05 3.468399264000000621e-11
5.302957746478873305e+05 3.351600341999999705e-11
5.450281690140846185e+05 3.241851011999999838e-11
5.597605633802816737e+05 3.126974705999999972e-11
5.744929577464789618e+05 3.023794314000000082e-11
5.892183098591548624e+05 2.915006292000000416e-11
6.039507042253521504e+05 2.832013367999999915e-11
6.186830985915493220e+05 2.733639516000000064e-11
6.334154929577464936e+05 2.641834602000000515e-11
6.481408450704225106e+05 2.543781185999999977e-11
6.628732394366197987e+05 2.457583901999999881e-11
6.776056338028169703e+05 2.375392068000000086e-11
6.923309859154931037e+05 2.293200234000000291e-11
7.070422535211268114e+05 2.203157717999999711e-11
7.217605633802817902e+05 2.123208935999999957e-11
7.365492957746479660e+05 2.026917918000000004e-11
