6.714366197183098848e+02 2.601619883999999811e-10
1.342887323943662068e+03 2.819356146000000318e-10
2.014295774647887356e+03 3.013219926000000190e-10
2.685704225352113099e+03 3.235282073999999601e-10
3.357183098591548969e+03 3.518867934000000029e-10
4.028591549295774712e+03 3.815912105999999919e-10
4.700070422535211037e+03 4.074984612000000180e-10
5.371478873239437235e+03 4.242572640000000140e-10
6.042887323943661613e+03 4.286632589999999970e-10
6.714366197183097938e+03 4.182490890000000654e-10
7.385915492957746210e+03 3.927584051999999932e-10
8.057042253521126440e+03 3.538734965999999975e-10
8.728873239436621589e+03 3.029081508000000480e-10
9.400000000000000000e+03 2.417689619999999912e-10
1.007183098591549242e+04 1.756149498000000090e-10
1.074295774647887447e+04 1.116318915000000029e-10
1.141408450704225470e+04 5.902751556000000367e-11
1.208591549295774530e+04 2.362254191999999807e-11
1.275704225352112917e+04 6.394300380000000791e-12
1.342887323943661977e+04 1.207418869799999837e-12
1.410000000000000182e+04 3.291358373999999722e-13
1.477183098591549242e+04 2.577106529999999968e-13
1.544295774647887447e+04 2.434993164000000069e-13
1.611408450704225288e+04 2.523753936000000023e-13
1.678591549295774530e+04 2.464793711999999879e-13
1.745704225352112553e+04 2.441722320000000108e-13
1.812887323943661977e+04 2.326525577999999858e-13
1.880000000000000000e+04 2.374590978000000349e-13
1.947183098591549424e+04 2.221422569999999666e-13
2.014295774647887447e+04 2.301691787999999764e-13
2.081478873239436871e+04 2.258272709999999756e-13
2.148591549295774894e+04 2.160059075999999724e-13
2.215704225352112553e+04 2.123849807999999865e-13
2.282887323943661613e+04 2.015061786000000169e-13
2.350000000000000000e+04 1.945046520000000250e-13
2.417183098591549060e+04 1.963952244000000154e-13
2.484295774647887447e+04 1.918450332000000086e-13
2.551478873239436507e+04 1.955140254000000055e-13
2.618591549295774530e+04 1.935593657999999919e-13
2.685704225352112917e+04 1.870064495999999857e-13
2.752887323943661977e+04 1.924859051999999882e-13
2.820000000000000364e+04 1.903550058000000181e-13
2.887183098591549424e+04 1.779701543999999954e-13
2.954295774647887811e+04 1.771049772000000229e-13
3.021478873239436507e+04 1.740768570000000056e-13
3.088591549295774894e+04 1.721382192000000294e-13
3.155774647887324318e+04 1.577234057399999917e-13
3.222887323943662341e+04 1.620444851999999969e-13
3.290000000000000728e+04 1.809662310000000137e-13
3.357183098591549060e+04 1.682128782000000154e-13
