5.438591549295774819e+00 7.206124986000000466e-10
1.087746478873239298e+01 8.385169247999999986e-10
1.631619718309859479e+01 9.661465836000001276e-10
2.175422535211268027e+01 1.134824094000000221e-09
2.719295774647887498e+01 1.277562310200000106e-09
3.263169014084507324e+01 1.432156658400000004e-09
3.807042253521127151e+01 1.534167459000000000e-09
4.350915492957746977e+01 1.602820872000000093e-09
4.894788732394366804e+01 1.617080273999999901e-09
5.438591549295774996e+01 1.591237110599999931e-09
5.982464788732395533e+01 1.521061626599999969e-09
6.526338028169014649e+01 1.404214639200000174e-09
7.070422535211268666e+01 1.247954023800000046e-09
7.614084507042254302e+01 1.059233241599999981e-09
8.157746478873239937e+01 8.450538191999999741e-10
8.702112676056339069e+01 6.278462766000000627e-10
9.245774647887323283e+01 4.242893075999999906e-10
9.789436619718310340e+01 2.546665110000000195e-10
1.033309859154929597e+02 1.325066947199999846e-10
1.087746478873239511e+02 5.813349912000000352e-11
1.142112676056337932e+02 2.077546806000000394e-11
1.196478873239436780e+02 5.584718826000000155e-12
1.250915492957746693e+02 1.192582683000000032e-12
1.305281690140845114e+02 2.259714672000000341e-13
1.359647887323943678e+02 4.580953056000000494e-14
1.414014084507042242e+02 2.942243351999999969e-14
1.468450704225352013e+02 2.256029658000000080e-14
1.522816901408450860e+02 3.178244466000000290e-14
1.577183098591549140e+02 2.439959922000000164e-14
1.631619718309859195e+02 1.756790369999999988e-14
1.685985915492957758e+02 1.925499923999999925e-14
1.740352112676056322e+02 1.425283306200000256e-14
1.794718309859154886e+02 8.029645505999999378e-15
1.849154929577464657e+02 2.168871066000000201e-14
1.903521126760563504e+02 1.639510793999999868e-14
1.957887323943662068e+02 1.214164047600000084e-14
2.012323943661972123e+02 1.370408641199999950e-14
2.066690140845070403e+02 1.283250049200000070e-14
2.121056338028168966e+02 1.632140765999999913e-14
2.175422535211267530e+02 1.021806316799999902e-14
2.229859154929577585e+02 1.428279382799999820e-14
2.284225352112675864e+02 1.572683866199999986e-14
2.338591549295774712e+02 1.185693308999999941e-14
2.393028169014084483e+02 1.077289810200000056e-14
2.447394366197183331e+02 1.658256299999999966e-14
2.501760563380281894e+02 1.075831826400000084e-14
2.556126760563380458e+02 1.157190526800000015e-14
2.610563380281690229e+02 1.123064092800000059e-14
2.664929577464788508e+02 1.229929498800000037e-14
2.719295774647887356e+02 1.672515701999999955e-14
