8.233802816901408805e-01 3.759996024000000075e-09
1.646760563380281761e+00 3.742852698000000722e-09
2.470140845070422309e+00 3.663544787999999684e-09
3.293521126760563522e+00 3.555397637999999886e-09
4.116901408450704736e+00 3.449012886000000349e-09
4.940211267605634227e+00 3.291839027999999804e-09
5.763591549295774108e+00 3.107588328000000346e-09
6.586971830985915766e+00 2.860371954000000513e-09
7.410563380281689483e+00 2.554515792000000347e-09
8.233802816901409471e+00 2.212931015999999944e-09
9.057042253521126796e+00 1.825043237999999801e-09
9.880281690140845896e+00 1.438805705400000053e-09
1.070352112676056322e+01 1.057102342200000040e-09
1.152746478873239511e+01 7.134667757999999993e-10
1.235070422535211243e+01 4.383244043999999623e-10
1.317394366197183153e+01 2.399584986000000229e-10
1.399718309859154886e+01 1.149868564200000024e-10
1.482042253521126796e+01 4.732038630000000440e-11
1.564436619718309807e+01 1.584203540399999905e-11
1.646760563380281894e+01 4.571660412000000183e-12
1.729084507042253804e+01 1.093712155200000058e-12
1.811408450704225359e+01 1.732917888000000180e-13
1.893732394366197269e+01 1.824081930000000057e-14
1.976126760563380458e+01 8.683655381999999471e-15
2.058450704225352013e+01 2.106065609999999926e-14
2.140774647887323923e+01 1.719459575999999976e-14
2.223098591549295833e+01 1.391781722400000040e-14
2.305422535211267743e+01 1.794762036000000106e-14
2.387816901408450931e+01 1.162798156800000152e-14
2.470140845070422486e+01 1.896500466000000027e-14
2.552464788732394396e+01 1.837540242000000071e-14
2.634788732394366306e+01 9.421299054000000123e-15
2.717112676056337861e+01 8.584961094000000842e-15
2.799436619718309771e+01 2.833615548000000331e-14
2.881830985915492960e+01 1.306802095199999858e-14
2.964154929577464870e+01 1.296772448400000126e-14
3.046478873239436780e+01 1.973405106000000106e-14
3.128802816901408335e+01 5.339264849999999037e-15
3.211126760563380600e+01 1.065738092399999994e-14
3.293521126760563789e+01 1.493728435799999821e-14
3.375845070422535343e+01 7.580073797999999601e-15
3.458169014084507609e+01 1.347561554399999994e-14
3.540492957746479163e+01 1.176528839400000069e-14
3.622816901408450718e+01 1.053417328199999900e-14
3.705211267605633907e+01 1.165393688399999886e-14
3.787535211267605462e+01 1.659057389999999941e-14
3.869859154929577727e+01 2.009934810000000143e-14
3.952183098591549282e+01 3.764482128000000550e-15
4.034507042253521547e+01 1.981255787999999903e-15
4.116901408450704025e+01 1.410831642599999983e-14
