3.000000000000000444e+00 4.694868053999999708e-10
6.000000000000000888e+00 4.811186321999999424e-10
9.000000000000000000e+00 4.890013577999999676e-10
1.200000000000000178e+01 4.893217938000000434e-10
1.500000000000000000e+01 4.912123662000000049e-10
1.800000000000000000e+01 4.788275148000000153e-10
2.100000000000000000e+01 4.819357440000000169e-10
2.400000000000000355e+01 4.815672426000000279e-10
2.700000000000000000e+01 4.927985244000000340e-10
3.000000000000000000e+01 4.876555265999999179e-10
3.300000000000000711e+01 4.863257172000000116e-10
3.600000000000000000e+01 4.808302398000000499e-10
3.900000000000000000e+01 4.822882236000000693e-10
4.200000000000000000e+01 4.852843002000001011e-10
4.500000000000000711e+01 4.811506758000000224e-10
4.800000000000000711e+01 4.784269698000000498e-10
5.100000000000000711e+01 4.837622292000000252e-10
5.400000000000000000e+01 4.839705126000000280e-10
5.700000000000000000e+01 4.860533466000000557e-10
6.000000000000000000e+01 4.831213571999999770e-10
6.300000000000000711e+01 4.821119838000000431e-10
6.600000000000001421e+01 4.762640267999999256e-10
6.900000000000000000e+01 4.839865343999999646e-10
7.200000000000000000e+01 4.810385232000000527e-10
7.500000000000000000e+01 4.789877328000000016e-10
7.800000000000000000e+01 4.780104030000000443e-10
8.100000000000001421e+01 4.820318747999999466e-10
8.400000000000000000e+01 4.789877328000000016e-10
8.700000000000001421e+01 4.765844628000000014e-10
9.000000000000001421e+01 4.810705668000000292e-10
9.300000000000001421e+01 4.855406490000000171e-10
9.600000000000001421e+01 4.678045164000000120e-10
9.900000000000001421e+01 4.722906204000000398e-10
1.020000000000000142e+02 4.649045706000000133e-10
1.050000000000000000e+02 4.659780312000000037e-10
1.080000000000000000e+02 4.592008097999999454e-10
1.110000000000000284e+02 4.642636986000000684e-10
1.140000000000000000e+02 4.610272950000000055e-10
1.170000000000000000e+02 4.688779770000000024e-10
1.200000000000000000e+02 4.475209176000000607e-10
1.230000000000000000e+02 4.611875129999999400e-10
1.260000000000000142e+02 4.591207008000000557e-10
1.290000000000000284e+02 4.515263676000000264e-10
1.320000000000000284e+02 4.536732888000000072e-10
1.350000000000000000e+02 4.497159042000000580e-10
1.380000000000000000e+02 4.481938332000000338e-10
1.410000000000000000e+02 4.408398269999999838e-10
1.440000000000000000e+02 4.438999908000000205e-10
1.470000000000000000e+02 4.294803708000000715e-10
1.500000000000000000e+02 4.241931768000000609e-10
