9.253521126760564584e+03 5.891696513999999146e-10
1.850704225352112917e+04 5.727473063999999828e-10
2.776056338028169193e+04 5.445008730000000131e-10
3.701338028169013705e+04 5.113517688000000101e-10
4.626690140845070709e+04 4.767126372000000111e-10
5.552042253521126986e+04 4.411762847999999963e-10
6.477394366197183990e+04 4.048067988000000220e-10
7.402816901408451668e+04 3.693505554000000003e-10
8.328169014084507944e+04 3.335418323999999778e-10
9.253521126760564221e+04 2.988706572000000023e-10
1.017887323943662050e+05 2.645840052000000041e-10
1.110422535211267677e+05 2.322039474000000073e-10
1.202957746478873305e+05 2.011376772000000061e-10
1.295492957746479078e+05 1.716255216000000057e-10
1.388028169014084560e+05 1.439590773600000048e-10
1.480563380281690334e+05 1.187503772400000003e-10
1.573098591549295816e+05 9.604428228000000598e-11
1.665633802816901589e+05 7.630702686000000659e-11
1.758169014084507362e+05 5.992794071999999655e-11
1.850704225352112844e+05 4.660421184000000602e-11
1.943239436619718326e+05 3.680207460000000035e-11
2.035774647887324099e+05 3.024595404000000142e-11
2.128309859154929873e+05 2.651127246000000310e-11
2.220845070422535355e+05 2.441401883999999825e-11
2.313380281690141128e+05 2.312586612000000266e-11
2.405915492957746610e+05 2.227831290000000149e-11
2.498450704225352092e+05 2.138429646000000134e-11
2.590985915492958156e+05 2.059762608000000217e-11
2.683521126760563930e+05 1.968117912000000163e-11
2.776056338028169121e+05 1.903710276000000221e-11
2.868591549295774894e+05 1.833214355999999757e-11
2.961126760563380667e+05 1.770408900000000260e-11
3.053661971830985858e+05 1.699432326000000017e-11
3.146197183098591631e+05 1.637908614000000035e-11
3.238661971830985858e+05 1.568293893000000025e-11
3.331197183098591631e+05 1.504382932800000005e-11
3.423732394366196822e+05 1.458816933600000010e-11
3.516267605633802596e+05 1.407322868400000117e-11
3.608802816901408951e+05 1.355780737800000118e-11
3.701338028169014142e+05 1.309061168999999978e-11
3.793873239436619915e+05 1.258977022199999940e-11
3.886408450704225688e+05 1.219387154399999949e-11
3.978943661971830879e+05 1.186750747799999985e-11
4.071478873239436653e+05 1.147160879999999994e-11
4.164014084507041844e+05 1.095714880200000047e-11
4.256549295774647617e+05 1.056189099599999822e-11
4.349084507042253972e+05 1.017111929399999896e-11
4.441619718309859163e+05 9.812871845999999952e-12
4.534154929577465518e+05 9.403354638000000958e-12
4.626690140845070709e+05 8.887612895999999713e-12
