3.000000000000000444e+00 8.075948508000000729e-10
6.000000000000000888e+00 8.261480951999999456e-10
9.000000000000000000e+00 8.293684770000000202e-10
1.200000000000000178e+01 8.343512568000000467e-10
1.500000000000000000e+01 8.315634636000000176e-10
1.800000000000000000e+01 8.316115290000000341e-10
2.100000000000000000e+01 8.286474959999999788e-10
2.400000000000000355e+01 8.267248800000000408e-10
2.700000000000000000e+01 8.256834630000000269e-10
3.000000000000000000e+01 8.204763780000000611e-10
3.300000000000000711e+01 8.197393751999999798e-10
3.600000000000000000e+01 8.135709821999999933e-10
3.900000000000000000e+01 8.072744147999999971e-10
4.200000000000000000e+01 8.020513080000000947e-10
4.500000000000000711e+01 8.026921799999999362e-10
4.800000000000000711e+01 7.955464571999999924e-10
5.100000000000000711e+01 7.937680374000000005e-10
5.400000000000000000e+01 7.916371379999999563e-10
5.700000000000000000e+01 7.875836225999999741e-10
6.000000000000000000e+01 7.811909243999999448e-10
6.300000000000000711e+01 7.785953927999999819e-10
6.600000000000001421e+01 7.707927762000000532e-10
6.900000000000000000e+01 7.685337024000001027e-10
7.200000000000000000e+01 7.611796961999999493e-10
7.500000000000000000e+01 7.563250908000000359e-10
7.800000000000000000e+01 7.556521752000000111e-10
8.100000000000001421e+01 7.483302126000000410e-10
8.400000000000000000e+01 7.448374602000001139e-10
8.700000000000001421e+01 7.373713013999998875e-10
9.000000000000001421e+01 7.356569687999999522e-10
9.300000000000001421e+01 7.272455238000000552e-10
9.600000000000001421e+01 7.195550598000000962e-10
9.900000000000001421e+01 7.147485198000000959e-10
1.020000000000000142e+02 7.084839959999999729e-10
1.050000000000000000e+02 6.993035046000000179e-10
1.080000000000000000e+02 6.934715693999999405e-10
1.110000000000000284e+02 6.827850287999999496e-10
1.140000000000000000e+02 6.776260092000000003e-10
1.170000000000000000e+02 6.686217575999999682e-10
1.200000000000000000e+02 6.589926558000000311e-10
1.230000000000000000e+02 6.537375054000001522e-10
1.260000000000000142e+02 6.414808283999999655e-10
1.290000000000000284e+02 6.339826259999999692e-10
1.320000000000000284e+02 6.252827885999999729e-10
1.350000000000000000e+02 6.103024056000000205e-10
1.380000000000000000e+02 6.001766280000000847e-10
1.410000000000000000e+02 5.825526480000000494e-10
1.440000000000000000e+02 5.661623465999999907e-10
1.470000000000000000e+02 5.450616360000000682e-10
1.500000000000000000e+02 5.115440303999999728e-10
