3.000000000000000444e+00 1.122743656800000061e-09
6.000000000000000888e+00 1.145975266799999924e-09
9.000000000000000000e+00 1.151743114800000049e-09
1.200000000000000178e+01 1.154162406600000089e-09
1.500000000000000000e+01 1.148907256200000003e-09
1.800000000000000000e+01 1.138829544000000084e-09
2.100000000000000000e+01 1.131924148200000016e-09
2.400000000000000355e+01 1.128655701000000131e-09
2.700000000000000000e+01 1.121221585800000192e-09
3.000000000000000000e+01 1.116158697000000172e-09
3.300000000000000711e+01 1.108660494599999866e-09
3.600000000000000000e+01 1.105311938399999988e-09
3.900000000000000000e+01 1.097797714200000056e-09
4.200000000000000000e+01 1.089402290999999992e-09
4.500000000000000711e+01 1.080349974000000150e-09
4.800000000000000711e+01 1.072226921400000145e-09
5.100000000000000711e+01 1.069006539599999967e-09
5.400000000000000000e+01 1.064248065000000087e-09
5.700000000000000000e+01 1.052375911199999826e-09
6.000000000000000000e+01 1.046495910600000042e-09
6.300000000000000711e+01 1.038613185000000017e-09
6.600000000000001421e+01 1.032524900999999920e-09
6.900000000000000000e+01 1.023072039000000113e-09
7.200000000000000000e+01 1.017512474400000094e-09
7.500000000000000000e+01 1.010094381000000195e-09
7.800000000000000000e+01 9.966360690000001112e-10
8.100000000000001421e+01 9.888975396000000322e-10
8.400000000000000000e+01 9.791242416000000455e-10
8.700000000000001421e+01 9.678288725999999829e-10
9.000000000000001421e+01 9.596257109999999853e-10
9.300000000000001421e+01 9.462475080000001018e-10
9.600000000000001421e+01 9.375957360000002255e-10
9.900000000000001421e+01 9.235285955999999670e-10
1.020000000000000142e+02 9.113199839999999002e-10
1.050000000000000000e+02 8.951059224000000745e-10
1.080000000000000000e+02 8.819360027999999870e-10
1.110000000000000284e+02 8.658180719999999876e-10
1.140000000000000000e+02 8.522796509999999111e-10
1.170000000000000000e+02 8.328612294000000507e-10
1.200000000000000000e+02 8.154935982000000347e-10
1.230000000000000000e+02 7.970044410000000117e-10
1.260000000000000142e+02 7.770893436000000494e-10
1.290000000000000284e+02 7.559085240000000304e-10
1.320000000000000284e+02 7.335901566000000679e-10
1.350000000000000000e+02 7.055359848000000610e-10
1.380000000000000000e+02 6.780585978000000459e-10
1.410000000000000000e+02 6.440763599999999284e-10
1.440000000000000000e+02 6.054798438000000836e-10
1.470000000000000000e+02 5.588564058000000607e-10
1.500000000000000000e+02 4.823683325999999590e-10
