3.303943661971830892e+01 3.903551351999999931e-10
6.607887323943661784e+01 4.482418985999999987e-10
9.911971830985915233e+01 5.125694255999999467e-10
1.321549295774647987e+02 5.863017492000000992e-10
1.651971830985915517e+02 6.605147268000000036e-10
1.982394366197183047e+02 7.265405646000000538e-10
2.312746478873239653e+02 7.733402424000001029e-10
2.643169014084506898e+02 8.007375204000000216e-10
2.973521126760563220e+02 8.079152868000000454e-10
3.303943661971831034e+02 7.952099993999999799e-10
3.634366197183098848e+02 7.644641651999999770e-10
3.964718309859155170e+02 7.129701000000001041e-10
4.295140845070422984e+02 6.470724366000000636e-10
4.625492957746479306e+02 5.610513923999999546e-10
4.955915492957747119e+02 4.654172682000000002e-10
5.286338028169013796e+02 3.621567672000000399e-10
5.616690140845070118e+02 2.619243863999999847e-10
5.947112676056337932e+02 1.695907529999999946e-10
6.277464788732394254e+02 9.637593354000000124e-11
6.607887323943662068e+02 4.582234799999999494e-11
6.938309859154929882e+02 1.764160397999999918e-11
7.269014084507042526e+02 5.041419588000000291e-12
7.599295774647887356e+02 1.025267025600000013e-12
7.929577464788732186e+02 1.519699773599999992e-13
8.259859154929579290e+02 3.250502784000000391e-14
8.590140845070424120e+02 2.327807322000000259e-14
8.920422535211268951e+02 2.320437294000000304e-14
9.250704225352113781e+02 2.053353887999999898e-14
9.581690140845070118e+02 1.882561500000000091e-14
9.911971830985914949e+02 2.049188219999999841e-14
1.024225352112676319e+03 1.862694468000000281e-14
1.057253521126760688e+03 1.906113545999999721e-14
1.090281690140845285e+03 1.942162595999999837e-14
1.123309859154929654e+03 1.745254674000000292e-14
1.156408450704225288e+03 2.131059618000000267e-14
1.189436619718309885e+03 1.927102103999999874e-14
1.222464788732394481e+03 1.944886302000000129e-14
1.255492957746478851e+03 1.515069473399999811e-14
1.288521126760563448e+03 1.111864854599999992e-14
1.321549295774648044e+03 1.526541082199999939e-14
1.354647887323943678e+03 1.697029056000000059e-14
1.387676056338028275e+03 1.231067046599999956e-14
1.420704225352112644e+03 1.341585422999999970e-14
1.453732394366197241e+03 1.108356080399999933e-14
1.486760563380281837e+03 1.381848206400000135e-14
1.519788732394366207e+03 1.184956306200000009e-14
1.552887323943662295e+03 1.190563936199999988e-14
1.585915492957746437e+03 1.441032735600000159e-14
1.618943661971831261e+03 1.506289526999999876e-14
1.651971830985915858e+03 1.310551196400000193e-14
