3.000000000000000444e+00 4.702558518000000287e-10
6.000000000000000888e+00 4.734281681999999834e-10
9.000000000000000000e+00 4.579511094000000322e-10
1.200000000000000178e+01 4.739568876000000620e-10
1.500000000000000000e+01 4.986304596000000081e-10
1.800000000000000000e+01 4.710889854000000398e-10
2.100000000000000000e+01 5.064971634000000967e-10
2.400000000000000355e+01 4.879599408000000572e-10
2.700000000000000000e+01 4.987426121999999777e-10
3.000000000000000000e+01 4.903151453999999373e-10
3.300000000000000711e+01 5.154052841999999923e-10
3.600000000000000000e+01 5.018508413999999793e-10
3.900000000000000000e+01 5.030845200000000593e-10
4.200000000000000000e+01 4.939200504000001443e-10
4.500000000000000711e+01 5.072982534000000278e-10
4.800000000000000711e+01 5.194267559999999980e-10
5.100000000000000711e+01 4.820318747999999466e-10
5.400000000000000000e+01 5.204040857999999554e-10
5.700000000000000000e+01 4.870787418000000295e-10
6.000000000000000000e+01 5.302414709999999986e-10
6.300000000000000711e+01 4.839705126000000280e-10
6.600000000000001421e+01 4.807821743999999300e-10
6.900000000000000000e+01 5.011458821999999778e-10
7.200000000000000000e+01 4.919173254000000063e-10
7.500000000000000000e+01 4.876875701999999979e-10
7.800000000000000000e+01 5.058883350000000250e-10
8.100000000000001421e+01 5.015304054000000068e-10
8.400000000000000000e+01 4.719541626000000274e-10
8.700000000000001421e+01 4.932952001999999292e-10
9.000000000000001421e+01 5.174560745999999400e-10
9.300000000000001421e+01 4.861014119999999688e-10
9.600000000000001421e+01 5.189461020000000394e-10
9.900000000000001421e+01 4.895300772000000462e-10
1.020000000000000142e+02 4.915167804000000408e-10
1.050000000000000000e+02 4.858450632000000529e-10
1.080000000000000000e+02 4.641034806000000305e-10
1.110000000000000284e+02 4.921416306000000491e-10
1.140000000000000000e+02 4.795324740000000168e-10
1.170000000000000000e+02 4.906996686000000697e-10
1.200000000000000000e+02 5.101180901999999300e-10
1.230000000000000000e+02 5.010817950000000247e-10
1.260000000000000142e+02 5.087081718000000306e-10
1.290000000000000284e+02 4.712812470000000026e-10
1.320000000000000284e+02 4.916129111999999705e-10
1.350000000000000000e+02 5.042060459999999628e-10
1.380000000000000000e+02 4.817434824000000541e-10
1.410000000000000000e+02 4.732038630000000440e-10
1.440000000000000000e+02 4.785231005999999795e-10
1.470000000000000000e+02 4.634305650000000056e-10
1.500000000000000000e+02 4.552434252000000480e-10
