3.000000000000000444e+00 4.888571616000000214e-10
6.000000000000000888e+00 4.680929088000001113e-10
9.000000000000000000e+00 4.823362889999999824e-10
1.200000000000000178e+01 5.358170574000000568e-10
1.500000000000000000e+01 5.079231035999999327e-10
1.800000000000000000e+01 4.650167232000000347e-10
2.100000000000000000e+01 4.778341632000000181e-10
2.400000000000000355e+01 4.745496942000000937e-10
2.700000000000000000e+01 5.038695881999999504e-10
3.000000000000000000e+01 5.284149857999999902e-10
3.300000000000000711e+01 4.166789525999999730e-10
3.600000000000000000e+01 5.213653938000000795e-10
3.900000000000000000e+01 5.090926949999999562e-10
4.200000000000000000e+01 4.977813042000000604e-10
4.500000000000000711e+01 4.553235341999999377e-10
4.800000000000000711e+01 4.216777541999999877e-10
5.100000000000000711e+01 5.113677906000000500e-10
5.400000000000000000e+01 4.354404804000000036e-10
5.700000000000000000e+01 4.370426603999999692e-10
6.000000000000000000e+01 5.055358554000000759e-10
6.300000000000000711e+01 4.660901837999999734e-10
6.600000000000001421e+01 5.678446356000000528e-10
6.900000000000000000e+01 4.905394505999999801e-10
7.200000000000000000e+01 4.625333441999999380e-10
7.500000000000000000e+01 4.316272920000000006e-10
7.800000000000000000e+01 5.313149315999999890e-10
8.100000000000001421e+01 5.796847458000000272e-10
8.400000000000000000e+01 5.244255576000000645e-10
8.700000000000001421e+01 4.959227754000000755e-10
9.000000000000001421e+01 5.091087167999999962e-10
9.300000000000001421e+01 4.289356296000000046e-10
9.600000000000001421e+01 4.727872962000000385e-10
9.900000000000001421e+01 4.586400467999999937e-10
1.020000000000000142e+02 5.449975488000000117e-10
1.050000000000000000e+02 5.633425097999999850e-10
1.080000000000000000e+02 4.786672967999999257e-10
1.110000000000000284e+02 5.480096471999999802e-10
1.140000000000000000e+02 5.513101379999999445e-10
1.170000000000000000e+02 5.273575469999999364e-10
1.200000000000000000e+02 4.610753604000000221e-10
1.230000000000000000e+02 4.633344342000000242e-10
1.260000000000000142e+02 5.430909546000000102e-10
1.290000000000000284e+02 4.831053353999999370e-10
1.320000000000000284e+02 4.673879495999999031e-10
1.350000000000000000e+02 4.092768810000000098e-10
1.380000000000000000e+02 5.185295352000000338e-10
1.410000000000000000e+02 5.155494803999999386e-10
1.440000000000000000e+02 4.855887144000000336e-10
1.470000000000000000e+02 4.327648397999999958e-10
1.500000000000000000e+02 4.279102343999999791e-10
