2.129788732394366502e+00 1.119074664600000004e-09
4.259577464788733003e+00 1.322134957800000078e-09
6.389366197183099949e+00 1.544581628999999931e-09
8.519014084507041673e+00 1.798607268000000213e-09
1.064929577464788757e+01 2.025155520000000376e-09
1.277887323943661890e+01 2.223665621999999848e-09
1.490845070422535201e+01 2.358569177999999827e-09
1.703873239436619969e+01 2.433551201999999996e-09
1.916830985915493102e+01 2.426501610000000189e-09
2.129788732394366590e+01 2.339503236000000226e-09
2.342746478873239724e+01 2.172395862000000121e-09
2.555774647887323781e+01 1.939759325999999861e-09
2.768732394366197624e+01 1.651206707999999861e-09
2.981690140845070403e+01 1.323560897999999914e-09
3.194718309859154814e+01 9.817678386000000250e-10
3.407676056338028303e+01 6.608992500000000326e-10
3.620633802816901436e+01 3.972925745999999858e-10
3.833661971830986204e+01 2.076905933999999958e-10
4.046619718309859337e+01 9.200037996000000633e-11
4.259577464788733181e+01 3.365058653999999944e-11
4.472605633802816527e+01 9.594174275999999308e-12
4.685563380281690371e+01 2.253626388000000283e-12
4.898521126760563504e+01 4.387569929999999953e-13
5.111549295774647561e+01 9.271495224000000784e-14
5.324507042253522116e+01 1.894257414000000287e-14
5.537464788732395249e+01 2.240808948000000248e-14
5.750492957746478595e+01 2.021150070000000102e-14
5.963450704225351728e+01 1.189170039599999900e-14
6.176408450704226283e+01 2.107507572000000322e-14
6.389366197183099416e+01 2.458865646000000446e-14
6.602394366197184183e+01 1.520629038000000114e-14
6.815352112676056606e+01 1.071329700599999924e-14
7.028309859154929029e+01 3.155974163999999610e-14
7.241549295774647987e+01 1.521333997200000104e-14
7.454225352112676717e+01 1.150349218199999816e-14
7.667605633802817522e+01 1.834656317999999911e-14
7.880281690140844830e+01 1.278107051399999963e-14
8.092957746478874981e+01 1.675880280000000037e-14
8.306338028169014365e+01 1.106753900400000142e-14
8.519014084507041673e+01 7.247621448000000706e-15
8.732394366197182478e+01 1.890412182000000283e-14
8.945070422535211208e+01 1.021758251400000068e-14
9.158450704225352013e+01 1.222911950400000077e-14
9.371126760563380742e+01 1.057150407600000186e-14
9.583802816901408050e+01 1.056525557400000130e-14
9.797183098591550277e+01 2.520068922000000456e-14
1.000985915492957758e+02 6.679808855999999702e-15
1.022323943661971981e+02 4.551793380000000727e-15
1.043591549295774854e+02 1.139646655799999878e-14
1.064929577464788650e+02 6.341268222000000749e-15
