3.000000000000000444e+00 5.066894249999999561e-10
6.000000000000000888e+00 4.542180300000000224e-10
9.000000000000000000e+00 4.973006501999999983e-10
1.200000000000000178e+01 4.745176506000000138e-10
1.500000000000000000e+01 4.797087138000000430e-10
1.800000000000000000e+01 4.573422809999999605e-10
2.100000000000000000e+01 4.308262020000000178e-10
2.400000000000000355e+01 4.237285445999999871e-10
2.700000000000000000e+01 5.261398902000001032e-10
3.000000000000000000e+01 4.205562281999999808e-10
3.300000000000000711e+01 5.335579836000001063e-10
3.600000000000000000e+01 5.209007615999999540e-10
3.900000000000000000e+01 5.426103005999999482e-10
4.200000000000000000e+01 4.689741077999999321e-10
4.500000000000000711e+01 5.574785310000000344e-10
4.800000000000000711e+01 5.398545509999999991e-10
5.100000000000000711e+01 3.977732285999999962e-10
5.400000000000000000e+01 4.619725811999999863e-10
5.700000000000000000e+01 4.829931827999999673e-10
6.000000000000000000e+01 4.994796150000000591e-10
6.300000000000000711e+01 5.674761342000000638e-10
6.600000000000001421e+01 4.995917675999999254e-10
6.900000000000000000e+01 5.405915537999999770e-10
7.200000000000000000e+01 5.180488812000000752e-10
7.500000000000000000e+01 4.471524162000000200e-10
7.800000000000000000e+01 5.209968923999999871e-10
8.100000000000001421e+01 5.855487246000000813e-10
8.400000000000000000e+01 5.346634878000000732e-10
8.700000000000001421e+01 4.995757457999999888e-10
9.000000000000001421e+01 5.359452317999999630e-10
9.300000000000001421e+01 4.388371020000000010e-10
9.600000000000001421e+01 5.391656136000000376e-10
9.900000000000001421e+01 4.863577607999999881e-10
1.020000000000000142e+02 4.759115471999999766e-10
1.050000000000000000e+02 5.688540090000000901e-10
1.080000000000000000e+02 5.171676822000000476e-10
1.110000000000000284e+02 5.001044652000000674e-10
1.140000000000000000e+02 5.671877417999999646e-10
1.170000000000000000e+02 4.542020082000000341e-10
1.200000000000000000e+02 5.310906264000000496e-10
1.230000000000000000e+02 3.775537169999999979e-10
1.260000000000000142e+02 4.529683296000000058e-10
1.290000000000000284e+02 4.678205382000000520e-10
1.320000000000000284e+02 5.319878472000000138e-10
1.350000000000000000e+02 5.284950947999999833e-10
1.380000000000000000e+02 5.625734633999999271e-10
1.410000000000000000e+02 4.538975940000000500e-10
1.440000000000000000e+02 5.047027218000000649e-10
1.470000000000000000e+02 5.006492064000000826e-10
1.500000000000000000e+02 4.922537832000000188e-10
