8.233802816901408805e-01 1.788833970000000019e-09
1.646760563380281761e+00 2.135225286000000009e-09
2.470140845070422309e+00 2.494113606000000164e-09
3.293521126760563522e+00 2.856046068000000058e-09
4.116901408450704736e+00 3.222945288000000352e-09
4.940211267605634227e+00 3.518867934000000132e-09
5.763591549295774108e+00 3.700074492000000265e-09
6.586971830985915766e+00 3.745896840000000460e-09
7.410563380281689483e+00 3.664666314000000415e-09
8.233802816901409471e+00 3.431549123999999783e-09
9.057042253521126796e+00 3.083555627999999932e-09
9.880281690140845896e+00 2.629818252000000488e-09
1.070352112676056322e+01 2.107828008000000297e-09
1.152746478873239511e+01 1.556982502200000064e-09
1.235070422535211243e+01 1.043099289000000045e-09
1.317394366197183153e+01 6.234883470000000445e-10
1.399718309859154886e+01 3.244734935999999926e-10
1.482042253521126796e+01 1.443259765800000053e-10
1.564436619718309807e+01 5.437638702000000480e-11
1.646760563380281894e+01 1.649444309999999870e-11
1.729084507042253804e+01 3.921015114000000148e-12
1.811408450704225359e+01 9.233843993999999836e-13
1.893732394366197269e+01 1.956742434000000004e-13
1.976126760563380458e+01 5.016746016000000520e-14
2.058450704225352013e+01 1.085012317800000006e-14
2.140774647887323923e+01 3.477691908000000361e-14
2.223098591549295833e+01 2.532085271999999758e-14
2.305422535211267743e+01 9.420978618000000701e-15
2.387816901408450931e+01 2.434512510000000211e-14
2.470140845070422486e+01 1.919091203999999813e-14
2.552464788732394396e+01 1.704559301999999882e-14
2.634788732394366306e+01 1.521958847400000160e-14
2.717112676056337861e+01 2.212770797999999878e-14
2.799436619718309771e+01 1.213875655199999973e-14
2.881830985915492960e+01 2.008492848000000378e-14
2.964154929577464870e+01 3.424980186000000017e-14
3.046478873239436780e+01 1.710327150000000204e-14
3.128802816901408335e+01 1.018794218400000130e-14
3.211126760563380600e+01 1.117296244800000053e-14
3.293521126760563789e+01 3.179045555999999634e-14
3.375845070422535343e+01 1.561052039399999990e-14
3.458169014084507609e+01 1.547129095200000105e-14
3.540492957746479163e+01 1.409133331799999892e-14
3.622816901408450718e+01 8.284552344000000928e-15
3.705211267605633907e+01 1.964593115999999755e-14
3.787535211267605462e+01 8.358412841999999400e-15
3.869859154929577727e+01 1.685172923999999994e-14
3.952183098591549282e+01 2.706722892000000043e-15
4.034507042253521547e+01 0.000000000000000000e+00
4.116901408450704025e+01 8.575348014000000832e-15
