1.473028169014084597e+04 6.010898705999999855e-10
2.946126760563380594e+04 5.955303060000000707e-10
4.419154929577464645e+04 5.703600582000000226e-10
5.892183098591549060e+04 5.397423984000000294e-10
7.365492957746479078e+04 5.059203786000000015e-10
8.838028169014085142e+04 4.690702386000000686e-10
1.031126760563380376e+05 4.316433138000000406e-10
1.178450704225352238e+05 3.936075606000000442e-10
1.325774647887324099e+05 3.555557856000000079e-10
1.473028169014084851e+05 3.192984522000000033e-10
1.620352112676056277e+05 2.834256419999999761e-10
1.767676056338027993e+05 2.500842762000000103e-10
1.915000000000000291e+05 2.184251994000000032e-10
2.062253521126760752e+05 1.892655234000000035e-10
2.209577464788732468e+05 1.627334226000000208e-10
2.356901408450704475e+05 1.388304991799999919e-10
2.504154929577464645e+05 1.179813308400000199e-10
2.651478873239436653e+05 9.992956878000000789e-11
2.798802816901408369e+05 8.482581792000001121e-11
2.946126760563380667e+05 7.261239978000000482e-11
3.093380281690141419e+05 6.281346690000000844e-11
3.240704225352112553e+05 5.555078496000000022e-11
3.388028169014084851e+05 5.012900784000000016e-11
3.535352112676055986e+05 4.636869137999999862e-11
3.682605633802817320e+05 4.319797716000000659e-11
3.829929577464789036e+05 4.063609134000000228e-11
3.977253521126760170e+05 3.856447259999999742e-11
4.124577464788733050e+05 3.678605279999999914e-11
4.271830985915492638e+05 3.513580739999999760e-11
4.419154929577464936e+05 3.330611784000000580e-11
4.566478873239436070e+05 3.176321850000000200e-11
4.713732394366197404e+05 3.035970881999999836e-11
4.861056338028169703e+05 2.908757789999999751e-11
5.008380281690140837e+05 2.773213362000000073e-11
5.155704225352112553e+05 2.639271113999999869e-11
5.302957746478873305e+05 2.510455841999999987e-11
5.450281690140846185e+05 2.396380626000000181e-11
5.597605633802816737e+05 2.291277617999999888e-11
5.744929577464789618e+05 2.192102675999999977e-11
5.892183098591548624e+05 2.099496672000000044e-11
6.039507042253521504e+05 1.991990393999999893e-11
6.186830985915493220e+05 1.904992020000000059e-11
6.334154929577464936e+05 1.829369124000000243e-11
6.481408450704225106e+05 1.752144047999999982e-11
6.628732394366197987e+05 1.663543494000000028e-11
6.776056338028169703e+05 1.591797873600000012e-11
6.923309859154931037e+05 1.526172580800000160e-11
7.070422535211268114e+05 1.456878295800000109e-11
7.217605633802817902e+05 1.391957962199999942e-11
7.365492957746479660e+05 1.309974411600000073e-11
