5.784436619718310976e+04 3.224387250000000848e-10
1.156901408450704475e+05 3.900346992000000206e-10
1.735352112676056568e+05 4.646161782000000174e-10
2.313802816901408951e+05 5.358330791999999933e-10
2.892253521126760752e+05 5.931590795999999438e-10
3.470704225352113135e+05 6.316274214000000891e-10
4.049154929577464936e+05 6.479856792000000678e-10
4.627605633802817902e+05 6.437078585999999394e-10
5.206056338028169121e+05 6.222546683999999645e-10
5.784436619718309958e+05 5.867663814000000179e-10
6.362887323943661759e+05 5.431390200000000268e-10
6.941338028169013560e+05 4.953459905999999803e-10
7.519718309859154979e+05 4.472485470000000014e-10
8.098591549295774894e+05 4.013621118000000598e-10
8.676760563380281674e+05 3.593529522000000225e-10
9.254929577464788454e+05 3.214934388000000524e-10
9.833802816901408369e+05 2.884725090000000073e-10
1.041197183098591515e+06 2.593448766000000100e-10
1.099084507042253623e+06 2.336138658000000101e-10
1.156901408450704301e+06 2.113115202000000101e-10
1.214718309859154979e+06 1.909798559999999905e-10
1.272605633802816970e+06 1.728431783999999940e-10
1.330422535211267415e+06 1.566643647600000185e-10
1.388239436619718326e+06 1.416279054600000036e-10
1.446126760563380085e+06 1.283602528800000238e-10
1.503943661971830996e+06 1.161532434600000101e-10
1.561830985915492987e+06 1.051158254400000070e-10
1.619647887323943665e+06 9.490833665999998631e-11
1.677464788732394343e+06 8.575828667999999358e-11
1.735352112676056335e+06 7.738529400000000123e-11
1.793169014084507246e+06 6.983421966000001006e-11
1.851056338028169237e+06 6.315152688000000935e-11
1.908873239436619915e+06 5.687578782000001216e-11
1.966690140845070360e+06 5.145080634000000928e-11
2.024577464788732585e+06 4.639432626000000184e-11
2.082394366197183030e+06 4.179927402000000073e-11
2.140281690140845254e+06 3.757272318000000154e-11
2.198098591549295932e+06 3.380439582000000585e-11
2.255915492957746610e+06 3.056959440000000254e-11
2.313802816901408602e+06 2.749020444000000383e-11
2.371619718309859280e+06 2.474727227999999815e-11
2.429507042253521271e+06 2.222063442000000231e-11
2.487323943661971949e+06 1.993913009999999973e-11
2.545140845070422627e+06 1.802452500000000089e-11
2.603028169014084619e+06 1.621566378000000161e-11
2.660845070422534831e+06 1.452584453399999973e-11
2.718732394366197288e+06 1.305648525599999811e-11
2.776549295774647500e+06 1.179925461000000136e-11
2.834366197183098644e+06 1.061972969399999883e-11
2.892253521126760170e+06 9.502529580000001516e-12
