3.527464788732394481e+03 2.728031886000000417e-10
7.054929577464788963e+03 2.886327270000000453e-10
1.058239436619718253e+04 2.970281502000000574e-10
1.410985915492957793e+04 3.037412844000000074e-10
1.763732394366197332e+04 3.095091323999999767e-10
2.116478873239436507e+04 3.158537652000000411e-10
2.469225352112676046e+04 3.217017221999999518e-10
2.821971830985915585e+04 3.269889162000000141e-10
3.174718309859154760e+04 3.325004154000000157e-10
3.527464788732394663e+04 3.375953478000000118e-10
3.880211267605634202e+04 3.408637949999999996e-10
4.232957746478873014e+04 3.397743125999999692e-10
4.585704225352112553e+04 3.314589984000000019e-10
4.938450704225352092e+04 3.124571435999999920e-10
5.291197183098591631e+04 2.799969768000000538e-10
5.643943661971831170e+04 2.340144108000000274e-10
5.996760563380282110e+04 1.773773478000000125e-10
6.349507042253520922e+04 1.170937231200000125e-10
6.702253521126760461e+04 6.391416455999999702e-11
7.054929577464789327e+04 2.704800276000000153e-11
7.407746478873239539e+04 9.803739420000000621e-12
7.760563380281689751e+04 5.312668662000000274e-12
8.113380281690142874e+04 4.787794494000000505e-12
8.466197183098591631e+04 4.637830446000000225e-12
8.819014084507041844e+04 4.543622261999999686e-12
9.171126760563380958e+04 4.431149226000000486e-12
9.523943661971831170e+04 4.363697448000000283e-12
9.876760563380281383e+04 4.278621689999999884e-12
1.022957746478873305e+05 4.216937759999999598e-12
1.058239436619718326e+05 4.164546474000000078e-12
1.093521126760563493e+05 4.029002045999999592e-12
1.128802816901408514e+05 4.006090871999999740e-12
1.164084507042253535e+05 3.925501217999999904e-12
1.199366197183098557e+05 3.846513743999999866e-12
1.234647887323943723e+05 3.743653788000000259e-12
1.269929577464788890e+05 3.656495195999999800e-12
1.305140845070422656e+05 3.638710997999999784e-12
1.340422535211267532e+05 3.577507722000000165e-12
1.375704225352112844e+05 3.461029236000000259e-12
1.410985915492957865e+05 3.389411789999999937e-12
1.446267605633802887e+05 3.358329498000000067e-12
1.481549295774647908e+05 3.258994338000000095e-12
1.516830985915493220e+05 3.199233024000000052e-12
1.552112676056337950e+05 3.121527294000000175e-12
1.587394366197183263e+05 3.101820479999999918e-12
1.622676056338028575e+05 2.997518561999999928e-12
1.657887323943662050e+05 2.948812290000000265e-12
1.693169014084507071e+05 2.892735990000000483e-12
1.728450704225352383e+05 2.789555598000000028e-12
1.763732394366197695e+05 2.661861852000000327e-12
