1.742183098591549434e-02 1.011648495600000185e-08
3.484366197183098868e-02 1.284804163800000103e-08
5.226549295774647608e-02 1.554851602800000124e-08
6.968661971830987512e-02 1.758873203999999949e-08
8.710563380281691193e-02 1.940400198000000054e-08
1.045281690140845016e-01 2.033486855999999825e-08
1.219507042253521190e-01 2.030442714000000252e-08
1.393732394366197502e-01 1.919411639999999709e-08
1.567957746478873537e-01 1.705680827999999891e-08
1.742183098591549295e-01 1.422703796400000073e-08
1.916408450704225608e-01 1.105968832200000097e-08
2.090633802816901365e-01 7.937840592000000612e-09
2.264788732394366066e-01 5.224548761999999858e-09
2.439014084507042379e-01 3.145239558000000003e-09
2.613239436619718137e-01 1.709365842000000029e-09
2.787464788732395005e-01 8.549713134000000105e-10
2.961690140845070762e-01 3.882723012000000171e-10
3.135915492957747075e-01 1.597645830600000000e-10
3.310140845070422833e-01 6.178006080000000167e-11
3.484366197183098590e-01 2.191141367999999775e-11
3.658591549295774348e-01 7.220865041999999121e-12
3.832746478873239604e-01 2.157014934000000048e-12
4.006971830985915362e-01 8.953462493999999916e-13
4.181197183098592229e-01 1.636787087999999955e-13
4.355422535211267987e-01 6.927025229999999982e-14
4.529647887323943745e-01 2.062646531999999855e-14
4.703873239436620057e-01 0.000000000000000000e+00
4.878098591549295815e-01 0.000000000000000000e+00
5.052323943661971573e-01 0.000000000000000000e+00
5.226549295774647330e-01 0.000000000000000000e+00
5.400704225352113141e-01 0.000000000000000000e+00
5.574929577464790009e-01 0.000000000000000000e+00
5.749154929577464657e-01 0.000000000000000000e+00
5.923380281690141524e-01 0.000000000000000000e+00
6.097605633802817282e-01 0.000000000000000000e+00
6.271830985915494150e-01 0.000000000000000000e+00
6.446056338028168797e-01 0.000000000000000000e+00
6.620281690140845665e-01 0.000000000000000000e+00
6.794436619718310366e-01 0.000000000000000000e+00
6.968661971830987234e-01 0.000000000000000000e+00
7.142957746478874048e-01 0.000000000000000000e+00
7.316901408450704469e-01 0.000000000000000000e+00
7.491549295774647677e-01 0.000000000000000000e+00
7.665492957746479208e-01 0.000000000000000000e+00
7.839436619718309629e-01 0.000000000000000000e+00
8.014084507042253946e-01 0.000000000000000000e+00
8.188028169014084368e-01 0.000000000000000000e+00
8.362676056338028685e-01 0.000000000000000000e+00
8.536619718309859106e-01 0.000000000000000000e+00
8.710563380281690637e-01 0.000000000000000000e+00
