1.e-06 0.e+00
1.778279e-06 0.e+00
3.162278e-06 0.e+00
5.623413e-06 0.e+00
1.e-05 0.e+00
1.778279e-05 0.e+00
3.162278e-05 0.e+00
5.623413e-05 0.e+00
1.e-04 0.e+00
1.778279e-04 0.e+00
3.162278e-04 0.e+00
5.623413e-04 0.e+00
1.e-03 0.e+00
1.778279e-03 2.680301e-07
3.162278e-03 1.799306e-07
5.623413e-03 1.208629e-07
1.e-02 8.216537e-08
1.778279e-02 5.605001e-08
3.162278e-02 3.809512e-08
5.623413e-02 2.631791e-08
1.e-01 1.844019e-08
1.778279e-01 1.307852e-08
3.162278e-01 9.63814e-09
5.623413e-01 7.450346e-09
1.e+00 6.068936e-09
1.778279e+00 5.314825e-09
3.162278e+00 4.977010e-09
5.623413e+00 4.916511e-09
1.e+01 5.081170e-09
1.778279e+01 5.398989e-09
3.162278e+01 5.853285e-09
5.623413e+01 6.460813e-09
1.e+02 7.266841e-09
1.778279e+02 8.324843e-09
3.162278e+02 9.570716e-09
5.623413e+02 0.e+00
