5.438591549295774819e+00 1.580278199400000294e-09
1.087746478873239298e+01 1.594473514200000149e-09
1.631619718309859479e+01 1.583819017200000031e-09
2.175422535211268027e+01 1.554210730799999972e-09
2.719295774647887498e+01 1.509205494600000161e-09
3.263169014084507324e+01 1.462614100200000115e-09
3.807042253521127151e+01 1.396700414999999828e-09
4.350915492957746977e+01 1.319859862199999984e-09
4.894788732394366804e+01 1.225988136000000033e-09
5.438591549295774996e+01 1.119939841799999888e-09
5.982464788732395533e+01 9.916212456000000048e-10
6.526338028169014649e+01 8.511260814000000310e-10
7.070422535211268666e+01 6.991432866000000317e-10
7.614084507042254302e+01 5.469201648000000532e-10
8.157746478873239937e+01 4.023714851999999937e-10
8.702112676056339069e+01 2.733479298000000052e-10
9.245774647887323283e+01 1.681648128000000293e-10
9.789436619718310340e+01 9.210452166000000771e-11
1.033309859154929597e+02 4.345913249999999784e-11
1.087746478873239511e+02 1.712089547999999872e-11
1.142112676056337932e+02 5.590486674000000073e-12
1.196478873239436780e+02 1.425571698599999969e-12
1.250915492957746693e+02 2.950414470000000466e-13
1.305281690140845114e+02 6.105747762000000349e-14
1.359647887323943678e+02 2.172075426000000099e-14
1.414014084507042242e+02 1.628776187999999831e-14
1.468450704225352013e+02 2.018746800000000178e-14
1.522816901408450860e+02 1.261796859000000046e-14
1.577183098591549140e+02 9.756154674000000203e-15
1.631619718309859195e+02 1.390419869400000052e-14
1.685985915492957758e+02 1.726509168000000194e-14
1.740352112676056322e+02 1.467516771000000099e-14
1.794718309859154886e+02 1.865097738000000205e-14
1.849154929577464657e+02 9.117365508000000258e-15
1.903521126760563504e+02 2.078027460000000187e-14
1.957887323943662068e+02 1.251558928799999980e-14
2.012323943661972123e+02 8.376357258000001733e-15
2.066690140845070403e+02 1.589058145799999945e-14
2.121056338028168966e+02 1.479805491599999936e-14
2.175422535211267530e+02 1.649924964000000168e-14
2.229859154929577585e+02 1.260306831600000131e-14
2.284225352112675864e+02 8.165029715999998860e-15
2.338591549295774712e+02 1.358888966999999988e-14
2.393028169014084483e+02 7.711132121999999788e-15
2.447394366197183331e+02 8.855409077999998806e-15
2.501760563380281894e+02 1.535657486399999977e-14
2.556126760563380458e+02 1.199888623800000045e-14
2.610563380281690229e+02 8.607391614000001391e-15
2.664929577464788508e+02 1.550445607799999721e-14
2.719295774647887356e+02 8.459830836000000214e-15
