5.757253521126760461e+03 5.797328111999999404e-10
1.151478873239436689e+04 5.577669234000000303e-10
1.727183098591549424e+04 5.272293726000001335e-10
2.302887323943661977e+04 4.933432656000000491e-10
2.878661971830985931e+04 4.586560685999999303e-10
3.454366197183098848e+04 4.235202612000000361e-10
4.030070422535211401e+04 3.881601485999999440e-10
4.605774647887323954e+04 3.528481014000000236e-10
5.181549295774647908e+04 3.182249916000000129e-10
5.757253521126760461e+04 2.838101652000000567e-10
6.332957746478873742e+04 2.502284724000000082e-10
6.908732394366197695e+04 2.168710848000000024e-10
7.484507042253520922e+04 1.848915719999999971e-10
8.059859154929578654e+04 1.542354598800000216e-10
8.635915492957746028e+04 1.251815277600000118e-10
9.211267605633803760e+04 9.811590101999999791e-11
9.787323943661972589e+04 7.405275960000000865e-11
1.036338028169014142e+05 5.291359668000000058e-11
1.093873239436619624e+05 3.607148052000000218e-11
1.151478873239436653e+05 2.363535936000000291e-11
1.209014084507042280e+05 1.643996898000000235e-11
1.266619718309859309e+05 1.315245583800000069e-11
1.324154929577464936e+05 1.197661593600000044e-11
1.381760563380281674e+05 1.146071397600000099e-11
1.439295774647887156e+05 1.119266926199999980e-11
1.496901408450704184e+05 1.080061581600000038e-11
1.554436619718309958e+05 1.043964466199999961e-11
1.612042253521126986e+05 1.008364026600000129e-11
1.669577464788732177e+05 9.778264758000002063e-12
1.727183098591549206e+05 9.542904515999999323e-12
1.784718309859154979e+05 9.222949170000000485e-12
1.842323943661972007e+05 8.881204176000000522e-12
1.899929577464788745e+05 8.611236846000001509e-12
1.957464788732394518e+05 8.310988314000001312e-12
2.015070422535211546e+05 8.149969223999999844e-12
2.072605633802817320e+05 7.887211704000000727e-12
2.130211267605633766e+05 7.611316308000000362e-12
2.187746478873239248e+05 7.421618196000000739e-12
2.245352112676056277e+05 7.167832883999999519e-12
2.302887323943662050e+05 6.966438858000000244e-12
2.360492957746478787e+05 6.773856821999999855e-12
2.418028169014084560e+05 6.543303120000000547e-12
2.475633802816901880e+05 6.409681308000000302e-12
2.533169014084506780e+05 6.209569026000000380e-12
2.590774647887324390e+05 5.983661645999999839e-12
2.648309859154929873e+05 5.770892142000000546e-12
2.705915492957746610e+05 5.557962419999999820e-12
2.763450704225351801e+05 5.367303000000000480e-12
2.821056338028169121e+05 5.207084999999999718e-12
2.878661971830985858e+05 4.873671342000000803e-12
