3.000000000000000444e+00 4.817274606000000141e-10
6.000000000000000888e+00 4.946250096000000423e-10
9.000000000000000000e+00 5.047668090000000180e-10
1.200000000000000178e+01 4.967238653999999032e-10
1.500000000000000000e+01 4.949294237999999748e-10
1.800000000000000000e+01 4.977652824000000204e-10
2.100000000000000000e+01 4.993674623999999860e-10
2.400000000000000355e+01 5.041099152000000331e-10
2.700000000000000000e+01 4.997680074000000550e-10
3.000000000000000000e+01 5.012420130000000109e-10
3.300000000000000711e+01 5.004889883999999930e-10
3.600000000000000000e+01 5.073623405999999809e-10
3.900000000000000000e+01 4.935996144000000685e-10
4.200000000000000000e+01 4.972205412000001086e-10
4.500000000000000711e+01 4.995116586000000357e-10
4.800000000000000711e+01 5.034690431999999849e-10
5.100000000000000711e+01 4.898184696000000421e-10
5.400000000000000000e+01 4.986464813999999446e-10
5.700000000000000000e+01 4.931830475999999595e-10
6.000000000000000000e+01 4.861975428000000019e-10
6.300000000000000711e+01 4.939520940000000175e-10
6.600000000000001421e+01 4.882803768000000296e-10
6.900000000000000000e+01 4.884085511999999359e-10
7.200000000000000000e+01 4.956023393999999996e-10
7.500000000000000000e+01 4.823202672000000458e-10
7.800000000000000000e+01 4.859411939999999826e-10
8.100000000000001421e+01 4.832975970000000032e-10
8.400000000000000000e+01 4.803335640000000513e-10
8.700000000000001421e+01 4.803816293999999644e-10
9.000000000000001421e+01 4.773855528000000360e-10
9.300000000000001421e+01 4.746137813999999434e-10
9.600000000000001421e+01 4.797407574000000195e-10
9.900000000000001421e+01 4.715536176000000619e-10
1.020000000000000142e+02 4.720663151999999971e-10
1.050000000000000000e+02 4.735883862000000730e-10
1.080000000000000000e+02 4.761358524000000193e-10
1.110000000000000284e+02 4.683973230000000438e-10
1.140000000000000000e+02 4.654332899999999885e-10
1.170000000000000000e+02 4.614919272000000276e-10
1.200000000000000000e+02 4.584798288000000591e-10
1.230000000000000000e+02 4.642957421999999416e-10
1.260000000000000142e+02 4.605626628000000351e-10
1.290000000000000284e+02 4.553395560000000294e-10
1.320000000000000284e+02 4.493474028000000173e-10
1.350000000000000000e+02 4.440762306000000467e-10
1.380000000000000000e+02 4.463192826000000089e-10
1.410000000000000000e+02 4.385647313999999934e-10
1.440000000000000000e+02 4.348797174000000518e-10
1.470000000000000000e+02 4.288875641999999881e-10
1.500000000000000000e+02 4.118403689999999962e-10
