3.000000000000000444e+00 4.993514406000000701e-09
6.000000000000000888e+00 9.045587844000000887e-10
9.000000000000000000e+00 4.024195505999999896e-13
1.200000000000000178e+01 8.773057025999999089e-15
1.500000000000000000e+01 6.576308028000000280e-15
1.800000000000000000e+01 1.128447417600000127e-14
2.100000000000000000e+01 5.819117760000000186e-15
2.400000000000000355e+01 7.589686877999999611e-15
2.700000000000000000e+01 4.708807019999999836e-15
3.000000000000000000e+01 4.675161239999999801e-15
3.300000000000000711e+01 8.246100024000000889e-15
3.600000000000000000e+01 3.457985094000000183e-15
3.900000000000000000e+01 4.544263134000000114e-15
4.200000000000000000e+01 4.498280568000000251e-15
4.500000000000000711e+01 1.942963685999999575e-15
4.800000000000000711e+01 6.172718885999999576e-15
5.100000000000000711e+01 1.033870732199999985e-15
5.400000000000000000e+01 2.837300561999999914e-15
5.700000000000000000e+01 1.656493902000000148e-15
6.000000000000000000e+01 2.539134864000000292e-15
6.300000000000000711e+01 6.318837701999999411e-15
6.600000000000001421e+01 3.445327872000000341e-16
6.900000000000000000e+01 4.289997167999999774e-15
7.200000000000000000e+01 1.185853527000000126e-15
7.500000000000000000e+01 2.251383336000000023e-15
7.800000000000000000e+01 3.413124054000000268e-15
8.100000000000001421e+01 1.310022477000000122e-15
8.400000000000000000e+01 1.815750594000000338e-15
8.700000000000001421e+01 1.689659028000000064e-15
9.000000000000001421e+01 0.000000000000000000e+00
9.300000000000001421e+01 1.251462798000000075e-15
9.600000000000001421e+01 2.047586040000000129e-15
9.900000000000001421e+01 1.097461256399999988e-15
1.020000000000000142e+02 1.313274902399999894e-15
1.050000000000000000e+02 1.117152048599999918e-15
1.080000000000000000e+02 0.000000000000000000e+00
1.110000000000000284e+02 2.672596457999999692e-15
1.140000000000000000e+02 0.000000000000000000e+00
1.170000000000000000e+02 0.000000000000000000e+00
1.200000000000000000e+02 8.443969254000000435e-16
1.230000000000000000e+02 2.198992049999999890e-15
1.260000000000000142e+02 0.000000000000000000e+00
1.290000000000000284e+02 0.000000000000000000e+00
1.320000000000000284e+02 4.807020654000000121e-15
1.350000000000000000e+02 0.000000000000000000e+00
1.380000000000000000e+02 0.000000000000000000e+00
1.410000000000000000e+02 1.515758410800000107e-15
1.440000000000000000e+02 0.000000000000000000e+00
1.470000000000000000e+02 0.000000000000000000e+00
1.500000000000000000e+02 2.611873835999999998e-15
