3.676056338028168830e+04 6.666030107999999970e-10
7.352112676056337659e+04 7.223748966000001018e-10
1.102816901408450794e+05 7.313791481999999272e-10
1.470422535211267532e+05 7.141396914000000242e-10
1.838028169014084851e+05 6.785712953999999811e-10
2.205633802816901589e+05 6.323804460000001070e-10
2.573239436619718326e+05 5.804698140000001251e-10
2.940845070422535064e+05 5.258034324000000907e-10
3.308450704225351801e+05 4.710569418000000632e-10
3.676056338028169703e+05 4.181529582000000323e-10
4.043661971830986440e+05 3.694146425999999534e-10
4.411267605633803178e+05 3.249221040000000264e-10
4.778943661971831461e+05 2.847554514000000375e-10
5.146549295774648199e+05 2.499721235999999889e-10
5.514154929577464936e+05 2.198030741999999778e-10
5.881760563380281674e+05 1.936394747999999840e-10
6.249366197183098411e+05 1.719940229999999947e-10
6.616971830985916313e+05 1.531379665800000229e-10
6.984577464788733050e+05 1.372427388000000002e-10
7.352112676056339405e+05 1.234928300400000215e-10
7.719718309859154979e+05 1.115149323600000032e-10
8.087323943661972880e+05 1.011167841599999952e-10
8.454929577464788454e+05 9.188662517999999647e-11
8.822535211267606355e+05 8.363379600000000671e-11
9.190140845070421929e+05 7.646724486000000574e-11
9.557746478873239830e+05 6.983421966000001006e-11
9.925352112676056568e+05 6.368345064000000031e-11
1.029295774647887331e+06 5.825686697999999601e-11
1.066056338028169004e+06 5.322441959999999685e-11
1.102816901408450678e+06 4.892096412000000738e-11
1.139577464788732585e+06 4.470082200000000737e-11
1.176338028169014025e+06 4.087481616000000605e-11
1.213098591549295932e+06 3.749421636000000338e-11
1.249859154929577373e+06 3.429306072000000390e-11
1.286619718309859280e+06 3.150686970000000207e-11
1.323380281690140720e+06 2.894658605999999917e-11
1.360140845070422394e+06 2.658016619999999924e-11
1.396901408450704301e+06 2.417048747999999993e-11
1.433661971830986207e+06 2.213251452000000213e-11
1.470422535211267881e+06 2.036851433999999719e-11
1.507183098591549322e+06 1.867661226000000090e-11
1.543943661971830996e+06 1.723304808000000071e-11
1.580704225352112902e+06 1.590163650000000251e-11
1.617464788732394576e+06 1.449716551200000158e-11
1.654225352112676250e+06 1.334760136200000059e-11
1.690985915492957691e+06 1.230538327200000059e-11
1.727746478873239597e+06 1.133173848600000032e-11
1.764507042253521271e+06 1.034191168199999903e-11
1.801267605633802945e+06 9.553959558000001319e-12
1.838028169014084386e+06 8.613960552000000034e-12
