9.090140845070422802e+04 3.463272287999999847e-10
1.818098591549295816e+05 4.901549274000000545e-10
2.727112676056338241e+05 6.568297128000000103e-10
3.636197183098591631e+05 8.039739240000000328e-10
4.545211267605634639e+05 9.042383484000000129e-10
5.454295774647886865e+05 9.481541022000001033e-10
6.363309859154928708e+05 9.408641832000001098e-10
7.272535211267606355e+05 8.937280476000000482e-10
8.181690140845071292e+05 8.222547978000000530e-10
9.090140845070424257e+05 7.391657430000000227e-10
9.999295774647888029e+05 6.538656797999999550e-10
1.090845070422535297e+06 5.734042002000000710e-10
1.181760563380281674e+06 5.000083344000000343e-10
1.272676056338028051e+06 4.345913249999999525e-10
1.363591549295774661e+06 3.771211284000000558e-10
1.454436619718309958e+06 3.271971995999999651e-10
1.545352112676056335e+06 2.833455329999999830e-10
1.636267605633802945e+06 2.453578452000000031e-10
1.727183098591549322e+06 2.118883050000000277e-10
1.818098591549295932e+06 1.824402366000000062e-10
1.909014084507042309e+06 1.568598307200000099e-10
1.999929577464788686e+06 1.350685805400000083e-10
2.090774647887323750e+06 1.161276085800000004e-10
2.181690140845070593e+06 9.943129080000000783e-11
2.272605633802816737e+06 8.496520757999999199e-11
2.363521126760563347e+06 7.285753332000000132e-11
2.454436619718309958e+06 6.222386466000000538e-11
2.545352112676056102e+06 5.300492094000000358e-11
2.636197183098591398e+06 4.525357409999999732e-11
2.727112676056338008e+06 3.855646170000000328e-11
2.818028169014085084e+06 3.281104422000000210e-11
2.908943661971831229e+06 2.783947968000000171e-11
2.999859154929577373e+06 2.368022039999999725e-11
3.090774647887323983e+06 2.006890668000000111e-11
3.181619718309859280e+06 1.700233416000000401e-11
3.272535211267605890e+06 1.440616168800000144e-11
3.363450704225352500e+06 1.220028026399999868e-11
3.454366197183098644e+06 1.039542449399999970e-11
3.545281690140845254e+06 8.712654839999999521e-12
3.636197183098591864e+06 7.445490677999999500e-12
3.727112676056338008e+06 6.309224621999999584e-12
3.817957746478872839e+06 5.353043598000001312e-12
3.908873239436619449e+06 4.493313810000000226e-12
3.999788732394366525e+06 3.788675046000000065e-12
4.090704225352112669e+06 3.173918580000000503e-12
4.181619718309859280e+06 2.686054769999999936e-12
4.272535211267606355e+06 2.249620937999999981e-12
4.363380281690141186e+06 1.917328806000000197e-12
4.454295774647887796e+06 1.637107524000000096e-12
4.545211267605633475e+06 1.331171253000000093e-12
