1.360985915492957865e+01 5.273575469999999364e-10
2.722042253521127009e+01 6.103344492000001004e-10
4.083028169014084341e+01 6.978775644000000785e-10
5.444084507042254018e+01 7.954823699999999358e-10
6.805070422535212060e+01 8.920778022000000661e-10
8.166197183098591950e+01 9.857893104000001341e-10
9.527464788732395107e+01 1.050565447800000064e-09
1.088802816901408477e+02 1.093984525800000053e-09
1.224929577464788792e+02 1.107795317399999982e-09
1.360985915492957758e+02 1.096003272600000127e-09
1.497112676056338216e+02 1.051879235400000034e-09
1.633239436619718390e+02 9.811109448000000401e-10
1.769295774647887356e+02 8.839867932000000381e-10
1.905422535211267814e+02 7.641757727999999812e-10
2.041549295774647987e+02 6.311147237999999470e-10
2.177605633802816953e+02 4.863577607999999881e-10
2.313732394366197695e+02 3.472404714000000406e-10
2.449859154929577585e+02 2.224626929999999972e-10
2.585915492957747119e+02 1.259778112200000032e-10
2.722042253521127009e+02 5.995677995999999613e-11
2.858169014084506898e+02 2.365298334000000230e-11
2.994225352112676433e+02 7.014664476000000452e-12
3.130352112676056322e+02 1.569159070199999972e-12
3.266408450704225856e+02 2.823842249999999695e-13
3.402535211267605746e+02 6.008815871999999014e-14
3.538661971830986204e+02 2.046945168000000418e-14
3.674718309859154601e+02 1.414869136200000113e-14
3.810845070422535628e+02 1.553089204800000079e-14
3.946971830985916085e+02 1.910279213999999778e-14
4.083028169014085051e+02 1.827446508000000140e-14
4.219154929577464941e+02 1.663062840000000129e-14
4.355281690140844830e+02 1.641914064000000107e-14
4.491338028169014365e+02 1.666427417999999896e-14
4.627464788732395391e+02 1.506593941199999879e-14
4.763591549295774712e+02 1.581543921599999856e-14
4.899647887323943678e+02 1.425731916600000077e-14
5.035774647887324136e+02 1.621726595999999929e-14
5.171901408450704594e+02 1.341281008799999967e-14
5.307957746478873560e+02 1.556630022600000080e-14
5.444084507042254018e+02 1.419467392800000100e-14
5.580140845070422984e+02 1.281311411400000018e-14
5.716267605633802305e+02 8.564132754000000558e-15
5.852394366197183899e+02 8.252348526000001448e-15
5.988450704225352865e+02 1.071666158400000027e-14
6.124577464788733323e+02 7.565333742000000953e-15
6.260704225352112644e+02 9.366344280000000671e-15
6.396760563380281610e+02 1.231804049400000047e-14
6.532887323943662068e+02 1.552848877800000276e-14
6.669014084507042526e+02 1.071201526200000155e-14
6.805070422535211492e+02 7.830494531999999779e-15
