3.000000000000000444e+00 4.597295291999999724e-10
6.000000000000000888e+00 4.764723102000000318e-10
9.000000000000000000e+00 4.824644633999999921e-10
1.200000000000000178e+01 4.895300772000000462e-10
1.500000000000000000e+01 4.696149797999999804e-10
1.800000000000000000e+01 4.856688233999999233e-10
2.100000000000000000e+01 4.872549816000000557e-10
2.400000000000000355e+01 4.848677333999999922e-10
2.700000000000000000e+01 4.857649541999999564e-10
3.000000000000000000e+01 4.977652824000000204e-10
3.300000000000000711e+01 4.883444639999999827e-10
3.600000000000000000e+01 4.863096953999999716e-10
3.900000000000000000e+01 4.811666976000000623e-10
4.200000000000000000e+01 4.825766159999999618e-10
4.500000000000000711e+01 4.875914393999999648e-10
4.800000000000000711e+01 4.792280597999999809e-10
5.100000000000000711e+01 4.911963443999999649e-10
5.400000000000000000e+01 4.732679501999999971e-10
5.700000000000000000e+01 4.724668601999999626e-10
6.000000000000000000e+01 4.746778686000000000e-10
6.300000000000000711e+01 4.733640809999999268e-10
6.600000000000001421e+01 4.872389598000000158e-10
6.900000000000000000e+01 4.835058804000000059e-10
7.200000000000000000e+01 4.795965611999999699e-10
7.500000000000000000e+01 4.789396673999999850e-10
7.800000000000000000e+01 4.844191230000000101e-10
8.100000000000001421e+01 4.836981420000000721e-10
8.400000000000000000e+01 4.745336724000000537e-10
8.700000000000001421e+01 4.789717110000000650e-10
9.000000000000001421e+01 4.777700759999999615e-10
9.300000000000001421e+01 4.806860436000000003e-10
9.600000000000001421e+01 4.795484957999999533e-10
9.900000000000001421e+01 4.857489324000000198e-10
1.020000000000000142e+02 4.706884403999999708e-10
1.050000000000000000e+02 4.843390140000000170e-10
1.080000000000000000e+02 4.779142722000000112e-10
1.110000000000000284e+02 4.815992862000000045e-10
1.140000000000000000e+02 4.745977596000000069e-10
1.170000000000000000e+02 4.777540542000000249e-10
1.200000000000000000e+02 4.724989038000000426e-10
1.230000000000000000e+02 4.765524192000000249e-10
1.260000000000000142e+02 4.689901296000000755e-10
1.290000000000000284e+02 4.752386316000000551e-10
1.320000000000000284e+02 4.529202642000000410e-10
1.350000000000000000e+02 4.661702928000000699e-10
1.380000000000000000e+02 4.605786845999999717e-10
1.410000000000000000e+02 4.433552496000000053e-10
1.440000000000000000e+02 4.494114900000000222e-10
1.470000000000000000e+02 4.343029326000000083e-10
1.500000000000000000e+02 4.290317604000000377e-10
