1.742183098591549434e-02 2.055917376000000212e-08
3.484366197183098868e-02 2.149164251999999803e-08
5.226549295774647608e-02 2.107347354000000256e-08
6.968661971830987512e-02 2.011536989999999892e-08
8.710563380281691193e-02 1.887047604000000176e-08
1.045281690140845016e-01 1.724746770000000071e-08
1.219507042253521190e-01 1.525756013999999979e-08
1.393732394366197502e-01 1.291341058200000037e-08
1.567957746478873537e-01 1.039238035200000128e-08
1.742183098591549295e-01 7.926945768000001549e-09
1.916408450704225608e-01 5.652010386000000320e-09
2.090633802816901365e-01 3.721383486000000501e-09
2.264788732394366066e-01 2.250261810000000042e-09
2.439014084507042379e-01 1.271041437599999963e-09
2.613239436619718137e-01 6.588965249999999980e-10
2.787464788732395005e-01 3.103102224000000112e-10
2.961690140845070762e-01 1.344805804799999937e-10
3.135915492957747075e-01 5.395982021999999280e-11
3.310140845070422833e-01 1.989907559999999995e-11
3.484366197183098590e-01 6.899307516000000485e-12
3.658591549295774348e-01 2.376834030000000227e-12
3.832746478873239604e-01 6.165669294000000716e-13
4.006971830985915362e-01 1.657294992000000060e-13
4.181197183098592229e-01 1.265065306200000049e-13
4.355422535211267987e-01 2.754147420000000065e-15
4.529647887323943745e-01 1.271554135200000032e-14
4.703873239436620057e-01 9.041902830000000890e-14
4.878098591549295815e-01 0.000000000000000000e+00
5.052323943661971573e-01 0.000000000000000000e+00
5.226549295774647330e-01 0.000000000000000000e+00
5.400704225352113141e-01 0.000000000000000000e+00
5.574929577464790009e-01 0.000000000000000000e+00
5.749154929577464657e-01 0.000000000000000000e+00
5.923380281690141524e-01 0.000000000000000000e+00
6.097605633802817282e-01 0.000000000000000000e+00
6.271830985915494150e-01 4.328449487999999814e-14
6.446056338028168797e-01 0.000000000000000000e+00
6.620281690140845665e-01 5.456544426000000419e-14
6.794436619718310366e-01 0.000000000000000000e+00
6.968661971830987234e-01 0.000000000000000000e+00
7.142957746478874048e-01 0.000000000000000000e+00
7.316901408450704469e-01 0.000000000000000000e+00
7.491549295774647677e-01 0.000000000000000000e+00
7.665492957746479208e-01 0.000000000000000000e+00
7.839436619718309629e-01 0.000000000000000000e+00
8.014084507042253946e-01 0.000000000000000000e+00
8.188028169014084368e-01 0.000000000000000000e+00
8.362676056338028685e-01 5.256912797999999951e-14
8.536619718309859106e-01 0.000000000000000000e+00
8.710563380281690637e-01 0.000000000000000000e+00
