2.129788732394366502e+00 2.401507602000000270e-09
4.259577464788733003e+00 2.421214415999999816e-09
6.389366197183099949e+00 2.399264549999999636e-09
8.519014084507041673e+00 2.336138658000000101e-09
1.064929577464788757e+01 2.265802955999999946e-09
1.277887323943661890e+01 2.176401311999999776e-09
1.490845070422535201e+01 2.062646532000000047e-09
1.703873239436619969e+01 1.931908644000000123e-09
1.916830985915493102e+01 1.768486284000000115e-09
2.129788732394366590e+01 1.577025774000000036e-09
2.342746478873239724e+01 1.360939757400000132e-09
2.555774647887323781e+01 1.124506054799999909e-09
2.768732394366197624e+01 8.786995991999999758e-10
2.981690140845070403e+01 6.456625181999999574e-10
3.194718309859154814e+01 4.376034234000000243e-10
3.407676056338028303e+01 2.698872210000000030e-10
3.620633802816901436e+01 1.486342386000000184e-10
3.833661971830986204e+01 7.041901536000000888e-11
4.046619718309859337e+01 2.847554514000000052e-11
4.259577464788733181e+01 9.204363882000000571e-12
4.472605633802816527e+01 2.441562101999999885e-12
4.685563380281690371e+01 5.537774952000000108e-13
4.898521126760563504e+01 1.272018767399999904e-13
5.111549295774647561e+01 3.706803648000000017e-14
5.324507042253522116e+01 1.573965610200000198e-14
5.537464788732395249e+01 2.370265092000000171e-14
5.750492957746478595e+01 1.855965312000000116e-14
5.963450704225351728e+01 7.384287401999999452e-15
6.176408450704226283e+01 1.429048429200000010e-14
6.389366197183099416e+01 5.070739481999999971e-15
6.602394366197184183e+01 1.330450272000000103e-14
6.815352112676056606e+01 1.122711613199999906e-14
7.028309859154929029e+01 1.317104112599999966e-14
7.241549295774647987e+01 1.387503901800000106e-14
7.454225352112676717e+01 1.764961487999999918e-14
7.667605633802817522e+01 1.687736412000000102e-14
7.880281690140844830e+01 8.566856460000001165e-15
8.092957746478874981e+01 1.001666914200000110e-15
8.306338028169014365e+01 8.484183972000000450e-15
8.519014084507041673e+01 5.712893226000000945e-15
8.732394366197182478e+01 9.426265811999999839e-15
8.945070422535211208e+01 1.023600758399999978e-14
9.158450704225352013e+01 8.022595913999999476e-15
9.371126760563380742e+01 2.521991538000000143e-14
9.583802816901408050e+01 1.785629610000000018e-14
9.797183098591550277e+01 1.881600192000000248e-14
1.000985915492957758e+02 7.539538644000000953e-15
1.022323943661971981e+02 1.261925033400000130e-14
1.043591549295774854e+02 1.129761205199999966e-14
1.064929577464788650e+02 4.956343829999999696e-15
