3.000000000000000444e+00 1.565153620199999982e-09
6.000000000000000888e+00 1.600385558400000013e-09
9.000000000000000000e+00 1.595691171000000086e-09
1.200000000000000178e+01 1.588257055800000146e-09
1.500000000000000000e+01 1.585805720400000026e-09
1.800000000000000000e+01 1.576336836599999972e-09
2.100000000000000000e+01 1.551454981200000126e-09
2.400000000000000355e+01 1.526108493599999948e-09
2.700000000000000000e+01 1.503325493999999757e-09
3.000000000000000000e+01 1.473941512800000051e-09
3.300000000000000711e+01 1.442250392399999964e-09
3.600000000000000000e+01 1.404599162400000100e-09
3.900000000000000000e+01 1.367012019599999982e-09
4.200000000000000000e+01 1.323945421200000046e-09
4.500000000000000711e+01 1.275495498000000118e-09
4.800000000000000711e+01 1.219515328800000011e-09
5.100000000000000711e+01 1.163439028800000077e-09
5.400000000000000000e+01 1.097493299999999916e-09
5.700000000000000000e+01 1.027622230199999887e-09
6.000000000000000000e+01 9.546269094000001257e-10
6.300000000000000711e+01 8.786835774000000392e-10
6.600000000000001421e+01 7.993596456000000987e-10
6.900000000000000000e+01 7.165750050000000009e-10
7.200000000000000000e+01 6.302655684000001028e-10
7.500000000000000000e+01 5.453179847999999842e-10
7.800000000000000000e+01 4.630941071999999932e-10
8.100000000000001421e+01 3.866701212000000515e-10
8.400000000000000000e+01 3.121527294000000078e-10
8.700000000000001421e+01 2.474086356000000543e-10
9.000000000000001421e+01 1.901307006000000170e-10
9.300000000000001421e+01 1.387872403199999925e-10
9.600000000000001421e+01 9.891699101999999364e-11
9.900000000000001421e+01 6.663626837999999402e-11
1.020000000000000142e+02 4.414967208000000592e-11
1.050000000000000000e+02 2.693745234000000096e-11
1.080000000000000000e+02 1.562365826999999966e-11
1.110000000000000284e+02 8.324126189999999329e-12
1.140000000000000000e+02 4.199794433999999664e-12
1.170000000000000000e+02 1.963311372000000124e-12
1.200000000000000000e+02 8.595215046000000705e-13
1.230000000000000000e+02 3.248099514000000341e-13
1.260000000000000142e+02 1.423584995400000133e-13
1.290000000000000284e+02 4.269489264000000174e-14
1.320000000000000284e+02 3.370506065999999856e-14
1.350000000000000000e+02 3.198752369999999890e-14
1.380000000000000000e+02 1.376657143200000035e-14
1.410000000000000000e+02 1.664344584000000025e-14
1.440000000000000000e+02 1.304446890600000084e-14
1.470000000000000000e+02 1.653129324000000066e-14
1.500000000000000000e+02 1.797806178000000136e-14
