3.482042253521127577e+02 2.658337056000000207e-10
6.964084507042255154e+02 2.943685313999999863e-10
1.044647887323943678e+03 3.228713136000000270e-10
1.392816901408451031e+03 3.569657040000000624e-10
1.741056338028168966e+03 3.952257623999999981e-10
2.089225352112675864e+03 4.307140493999999964e-10
2.437464788732394481e+03 4.560284933999999908e-10
2.785633802816902062e+03 4.683492576000000272e-10
3.133873239436619770e+03 4.655294208000000216e-10
3.482042253521126895e+03 4.483540512000000200e-10
3.830281690140845512e+03 4.168231487999999709e-10
4.178450704225351728e+03 3.739488120000000495e-10
4.526690140845070346e+03 3.189459726000000026e-10
4.874859154929577926e+03 2.566051487999999458e-10
5.223098591549295634e+03 1.901787660000000077e-10
5.571267605633804123e+03 1.254619092600000135e-10
5.919507042253520922e+03 7.085000178000000129e-11
6.267676056338028502e+03 3.197150189999999830e-11
6.615915492957747119e+03 1.054442723399999865e-11
6.964084507042253790e+03 2.233759355999999804e-12
7.311971830985916313e+03 3.515503356000000042e-13
7.660563380281691025e+03 1.102379948999999972e-13
8.008450704225352638e+03 1.020652747199999932e-13
8.357042253521127350e+03 9.958189571999999648e-14
8.704929577464788963e+03 9.592732314000001298e-14
9.053521126760564584e+03 9.533131217999999659e-14
9.401408450704224379e+03 9.303378605999999897e-14
9.750000000000000000e+03 8.361617202000000560e-14
1.009788732394366161e+04 9.005373126000000537e-14
1.044647887323943723e+04 8.605949651999999733e-14
1.079436619718309885e+04 7.822002978000001059e-14
1.114225352112676228e+04 8.710251570000000077e-14
1.149084507042253426e+04 7.643359907999999797e-14
1.183873239436619770e+04 7.728756102000000490e-14
1.218732394366197150e+04 8.011701090000000832e-14
1.253521126760563493e+04 8.124814998000000265e-14
1.288380281690140873e+04 7.650569718000000199e-14
1.323169014084507216e+04 7.215417629999999647e-14
1.358028169014084597e+04 7.368746256000000199e-14
1.392816901408450758e+04 6.818397425999999398e-14
1.427605633802817101e+04 6.619406669999999667e-14
1.462464788732394481e+04 7.075547315999999425e-14
1.497253521126760825e+04 7.045426331999998868e-14
1.532112676056338205e+04 6.932312424000000698e-14
1.566901408450704548e+04 6.310666584000000270e-14
1.601760563380281747e+04 6.022754838000000211e-14
1.636549295774647908e+04 6.542181593999999850e-14
1.671408450704225470e+04 6.321240972000000439e-14
1.706197183098591631e+04 6.266766851999999647e-14
1.741056338028169193e+04 5.495958053999999671e-14
