1.e-06 0.e+00
1.778279e-06 0.e+00
3.162278e-06 0.e+00
5.623413e-06 0.e+00
1.e-05 0.e+00
1.778279e-05 0.e+00
3.162278e-05 0.e+00
5.623413e-05 0.e+00
1.e-04 0.e+00
1.778279e-04 0.e+00
3.162278e-04 0.e+00
5.623413e-04 0.e+00
1.e-03 0.e+00
1.778279e-03 2.912174e-07
3.162278e-03 1.971969e-07
5.623413e-03 1.333039e-07
1.e-02 9.062275e-08
1.778279e-02 6.177408e-08
3.162278e-02 4.214818e-08
5.623413e-02 2.906433e-08
1.e-01 2.031831e-08
1.778279e-01 1.444446e-08
3.162278e-01 1.061288e-08
5.623413e-01 8.146278e-09
1.e+00 6.599778e-09
1.778279e+00 5.704428e-09
3.162278e+00 5.254165e-09
5.623413e+00 5.116742e-09
1.e+01 5.204134e-09
1.778279e+01 5.448498e-09
3.162278e+01 5.810733e-09
5.623413e+01 6.300415e-09
1.e+02 6.995581e-09
1.778279e+02 8.033282e-09
3.162278e+02 9.396835e-09
5.623413e+02 1.08885e-08
1.e+03 1.240676e-08
