====== H (E0) into Kapton                       =======
        SRIM-2013.00
========================================
      Ion and Recoil IONIZATION     
 See SRIM Outputs\TDATA.txt for details   
========================================
 See file :  SRIM Outputs\TDATA.txt   for calculation data
 Ion    =  H   Energy = 190000 keV
============= TARGET MATERIAL ======================================
Layer 1 : Kapton
Layer Width = 15000.E+02 A ;
  Layer # 1- Density = 8.722E22 atoms/cm3 = 1.42 g/cm3
  Layer # 1-  H = 25.6 Atomic Percent = 2.63 Mass Percent
  Layer # 1-  C = 56.4 Atomic Percent = 69.1 Mass Percent
  Layer # 1-  N = 5.12 Atomic Percent = 7.32 Mass Percent
  Layer # 1-  O = 12.8 Atomic Percent = 20.9 Mass Percent
====================================================================
 Total Ions calculated =087053.00
===============================================================
  Ionization Energy Units are  >>>>  eV /(Angstrom-Ion)  <<<<  
===============================================================

  TARGET       IONIZ.       IONIZ.  
  DEPTH         by           by     
  (Ang)        IONS         RECOILS 
-----------  -----------  -----------
150000.E-01  8614.32E-05  1390.90E-11
300000.E-01  8612.88E-05  3825.53E-11
450000.E-01  8607.84E-05  9285.49E-11
600000.E-01  8615.27E-05  2661.40E-10
750000.E-01  8615.28E-05  8198.46E-11
900000.E-01  8618.72E-05  9128.40E-11
105000.E+00  8623.63E-05  2527.21E-10
120000.E+00  8621.84E-05  1234.44E-10
135000.E+00  8624.87E-05  3736.78E-10
150000.E+00  8630.87E-05  3135.54E-10
165000.E+00  8624.46E-05  1382.96E-09
180000.E+00  8615.89E-05  8320.21E-10
195000.E+00  8611.47E-05  1205.98E-09
210000.E+00  8607.99E-05  6440.15E-10
225000.E+00  8610.26E-05  1797.90E-09
240000.E+00  8615.67E-05  9041.18E-10
255000.E+00  8611.58E-05  4246.79E-10
270000.E+00  8617.02E-05  2072.17E-09
285000.E+00  8615.74E-05  5819.49E-10
300000.E+00  8609.00E-05  6235.03E-10
315000.E+00  8603.75E-05  3095.71E-09
330000.E+00  8606.41E-05  2920.25E-09
345000.E+00  8604.49E-05  8735.10E-09
360000.E+00  8606.06E-05  1433.43E-09
375000.E+00  8603.87E-05  8591.69E-10
390000.E+00  8600.62E-05  1191.98E-08
405000.E+00  8604.17E-05  2318.22E-09
420000.E+00  8600.47E-05  7831.47E-10
435000.E+00  8605.03E-05  1077.00E-09
450000.E+00  8609.54E-05  7050.09E-10
465000.E+00  8609.03E-05  9321.68E-10
480000.E+00  8605.08E-05  1234.71E-09
495000.E+00  8600.42E-05  1815.53E-09
510000.E+00  8602.95E-05  1063.99E-07
525000.E+00  8596.62E-05  1619.64E-09
540000.E+00  8587.38E-05  1643.21E-09
555000.E+00  8578.86E-05  1547.92E-09
570000.E+00  8582.54E-05  1505.90E-09
585000.E+00  8583.36E-05  1486.89E-09
600000.E+00  8586.35E-05  3207.24E-09
615000.E+00  8587.94E-05  1802.07E-09
630000.E+00  8590.50E-05  2158.38E-09
645000.E+00  8598.91E-05  9115.86E-10
660000.E+00  8598.27E-05  1382.59E-09
675000.E+00  8593.74E-05  3153.77E-09
690000.E+00  8597.35E-05  1789.93E-09
705000.E+00  8599.94E-05  1970.31E-09
720000.E+00  8603.08E-05  2231.15E-09
735000.E+00  8607.20E-05  4931.44E-09
750000.E+00  8604.04E-05  1225.30E-08
765000.E+00  8608.17E-05  1191.19E-09
780000.E+00  8613.65E-05  2757.53E-09
795000.E+00  8610.84E-05  4368.03E-09
810000.E+00  8615.15E-05  2939.69E-09
825000.E+00  8617.23E-05  8329.47E-09
840000.E+00  8623.72E-05  2085.48E-09
855000.E+00  8617.90E-05  6613.49E-09
870000.E+00  8616.23E-05  3970.47E-09
885000.E+00  8616.69E-05  1085.70E-09
900000.E+00  8617.32E-05  2555.33E-09
915000.E+00  8614.97E-05  2978.76E-09
930000.E+00  8615.81E-05  8736.32E-09
945000.E+00  8612.32E-05  2068.21E-09
960000.E+00  8609.07E-05  1933.37E-09
975000.E+00  8620.62E-05  2617.34E-09
990000.E+00  8642.42E-05  2700.76E-09
100500.E+01  8638.29E-05  1688.26E-09
102000.E+01  8624.04E-05  3216.09E-09
103500.E+01  8617.19E-05  3299.17E-08
105000.E+01  8606.21E-05  4530.69E-09
106500.E+01  8611.16E-05  1183.26E-08
108000.E+01  8611.17E-05  3863.58E-09
109500.E+01  8609.28E-05  3138.85E-09
111000.E+01  8627.22E-05  1310.76E-09
112500.E+01  8635.78E-05  5868.49E-09
114000.E+01  8641.71E-05  5887.80E-09
115500.E+01  8638.84E-05  4967.14E-09
117000.E+01  8639.30E-05  2478.35E-09
118500.E+01  8658.86E-05  4125.14E-09
120000.E+01  8650.66E-05  3480.60E-09
121500.E+01  8640.09E-05  8595.53E-09
123000.E+01  8634.08E-05  2384.16E-09
124500.E+01  8623.68E-05  6740.33E-09
126000.E+01  8625.44E-05  4804.73E-09
127500.E+01  8635.24E-05  1909.94E-08
129000.E+01  8663.21E-05  3105.96E-09
130500.E+01  8663.73E-05  3965.58E-09
132000.E+01  8637.48E-05  2262.08E-09
133500.E+01  8645.99E-05  3318.77E-09
135000.E+01  8644.61E-05  4492.00E-08
136500.E+01  8639.42E-05  3501.93E-09
138000.E+01  8652.56E-05  9575.59E-09
139500.E+01  8631.33E-05  6409.44E-09
141000.E+01  8630.09E-05  1470.57E-08
142500.E+01  8641.65E-05  1869.06E-09
144000.E+01  8612.99E-05  3093.94E-09
145500.E+01  8575.12E-05  4025.68E-09
147000.E+01  8570.60E-05  6556.69E-09
148500.E+01  8542.58E-05  3289.12E-09
150000.E+01  8582.52E-05  9207.05E-09
