====== H (E0) into Kapton                       =======
        SRIM-2013.00
========================================
      Ion and Recoil IONIZATION     
 See SRIM Outputs\TDATA.txt for details   
========================================
 See file :  SRIM Outputs\TDATA.txt   for calculation data
 Ion    =  H   Energy = 2650 keV
============= TARGET MATERIAL ======================================
Layer 1 : Kapton
Layer Width = 15000.E+02 A ;
  Layer # 1- Density = 8.722E22 atoms/cm3 = 1.42 g/cm3
  Layer # 1-  H = 25.6 Atomic Percent = 2.63 Mass Percent
  Layer # 1-  C = 56.4 Atomic Percent = 69.1 Mass Percent
  Layer # 1-  N = 5.12 Atomic Percent = 7.32 Mass Percent
  Layer # 1-  O = 12.8 Atomic Percent = 20.9 Mass Percent
====================================================================
 Total Ions calculated =005263.83
===============================================================
  Ionization Energy Units are  >>>>  eV /(Angstrom-Ion)  <<<<  
===============================================================

  TARGET       IONIZ.       IONIZ.  
  DEPTH         by           by     
  (Ang)        IONS         RECOILS 
-----------  -----------  -----------
150000.E-01  1951.52E-03  8925.51E-09
300000.E-01  1961.34E-03  8437.15E-08
450000.E-01  1980.92E-03  1128.21E-07
600000.E-01  2002.78E-03  1157.93E-07
750000.E-01  2016.42E-03  1195.08E-07
900000.E-01  2032.79E-03  1697.81E-07
105000.E+00  2052.61E-03  1716.73E-07
120000.E+00  2070.34E-03  1622.28E-07
135000.E+00  2093.62E-03  2297.82E-07
150000.E+00  2114.39E-03  1685.26E-07
165000.E+00  2134.36E-03  7039.79E-07
180000.E+00  2154.67E-03  1602.40E-07
195000.E+00  2179.67E-03  1078.96E-07
210000.E+00  2204.60E-03  1614.35E-07
225000.E+00  2229.72E-03  1629.50E-07
240000.E+00  2256.06E-03  1057.63E-07
255000.E+00  2283.58E-03  1773.97E-07
270000.E+00  2311.39E-03  3528.95E-07
285000.E+00  2340.47E-03  1991.44E-07
300000.E+00  2369.14E-03  1270.66E-06
315000.E+00  2400.56E-03  2352.00E-07
330000.E+00  2431.96E-03  1734.92E-07
345000.E+00  2463.86E-03  3856.73E-07
360000.E+00  2496.45E-03  7940.36E-07
375000.E+00  2532.75E-03  1377.37E-07
390000.E+00  2569.58E-03  6383.64E-07
405000.E+00  2611.38E-03  6631.37E-07
420000.E+00  2660.26E-03  4883.35E-07
435000.E+00  2705.99E-03  3373.43E-07
450000.E+00  2747.89E-03  2485.06E-07
465000.E+00  2799.94E-03  2158.67E-07
480000.E+00  2853.25E-03  3909.60E-07
495000.E+00  2910.04E-03  2985.76E-07
510000.E+00  2968.26E-03  3497.48E-07
525000.E+00  3030.74E-03  2289.22E-07
540000.E+00  3099.07E-03  3741.32E-07
555000.E+00  3173.43E-03  4118.90E-07
570000.E+00  3253.77E-03  3067.41E-07
585000.E+00  3344.90E-03  2514.58E-07
600000.E+00  3436.04E-03  1382.70E-06
615000.E+00  3542.23E-03  8361.67E-07
630000.E+00  3642.33E-03  1166.93E-06
645000.E+00  3746.55E-03  1777.55E-06
660000.E+00  3869.25E-03  3367.66E-07
675000.E+00  4016.81E-03  4153.38E-07
690000.E+00  4205.73E-03  3878.52E-07
705000.E+00  4422.25E-03  9340.26E-07
720000.E+00  4687.00E-03  6085.66E-07
735000.E+00  5008.87E-03  8059.11E-07
750000.E+00  5443.61E-03  1405.30E-06
765000.E+00  6049.08E-03  4657.60E-06
780000.E+00  6925.77E-03  2211.81E-06
795000.E+00  8020.34E-03  3612.80E-06
810000.E+00  7603.53E-03  5320.42E-06
825000.E+00  4506.08E-03  5400.19E-06
840000.E+00  1352.36E-03  2343.35E-06
855000.E+00  2213.37E-04  4009.61E-07
870000.E+00  2494.48E-05  2098.75E-07
885000.E+00  2894.14E-06  2624.33E-09
900000.E+00  8241.61E-07  7977.31E-10
915000.E+00  0000.00E+00  0000.00E+00
930000.E+00  0000.00E+00  0000.00E+00
945000.E+00  0000.00E+00  0000.00E+00
960000.E+00  0000.00E+00  0000.00E+00
975000.E+00  0000.00E+00  0000.00E+00
990000.E+00  0000.00E+00  0000.00E+00
100500.E+01  0000.00E+00  0000.00E+00
102000.E+01  0000.00E+00  0000.00E+00
103500.E+01  0000.00E+00  0000.00E+00
105000.E+01  0000.00E+00  0000.00E+00
106500.E+01  0000.00E+00  0000.00E+00
108000.E+01  0000.00E+00  0000.00E+00
109500.E+01  0000.00E+00  0000.00E+00
111000.E+01  0000.00E+00  0000.00E+00
112500.E+01  0000.00E+00  0000.00E+00
114000.E+01  0000.00E+00  0000.00E+00
115500.E+01  0000.00E+00  0000.00E+00
117000.E+01  0000.00E+00  0000.00E+00
118500.E+01  0000.00E+00  0000.00E+00
120000.E+01  0000.00E+00  0000.00E+00
121500.E+01  0000.00E+00  0000.00E+00
123000.E+01  0000.00E+00  0000.00E+00
124500.E+01  0000.00E+00  0000.00E+00
126000.E+01  0000.00E+00  0000.00E+00
127500.E+01  0000.00E+00  0000.00E+00
129000.E+01  0000.00E+00  0000.00E+00
130500.E+01  0000.00E+00  0000.00E+00
132000.E+01  0000.00E+00  0000.00E+00
133500.E+01  0000.00E+00  0000.00E+00
135000.E+01  0000.00E+00  0000.00E+00
136500.E+01  0000.00E+00  0000.00E+00
138000.E+01  0000.00E+00  0000.00E+00
139500.E+01  0000.00E+00  0000.00E+00
141000.E+01  0000.00E+00  0000.00E+00
142500.E+01  0000.00E+00  0000.00E+00
144000.E+01  0000.00E+00  0000.00E+00
145500.E+01  0000.00E+00  0000.00E+00
147000.E+01  0000.00E+00  0000.00E+00
148500.E+01  0000.00E+00  0000.00E+00
150000.E+01  0000.00E+00  0000.00E+00
