====== H (10) into Layer 1                      =======
        SRIM-2013.00
========================================
      Ion and Recoil IONIZATION     
 See SRIM Outputs\TDATA.txt for details   
========================================
 See file :  SRIM Outputs\TDATA.txt   for calculation data
 Ion    =  H   Energy = 2370 keV
============= TARGET MATERIAL ======================================
Layer 1 : Kapton
Layer Width = 15000.E+02 A ;
  Layer # 1- Density = 8.722E22 atoms/cm3 = 1.42 g/cm3
  Layer # 1-  H = 25.6 Atomic Percent = 2.63 Mass Percent
  Layer # 1-  C = 56.4 Atomic Percent = 69.1 Mass Percent
  Layer # 1-  N = 5.12 Atomic Percent = 7.32 Mass Percent
  Layer # 1-  O = 12.8 Atomic Percent = 20.9 Mass Percent
====================================================================
 Total Ions calculated =014746.67
===============================================================
  Ionization Energy Units are  >>>>  eV /(Angstrom-Ion)  <<<<  
===============================================================

  TARGET       IONIZ.       IONIZ.  
  DEPTH         by           by     
  (Ang)        IONS         RECOILS 
-----------  -----------  -----------
150000.E-01  3694.70E-03  1622.07E-07
300000.E-01  3757.29E-03  4148.52E-07
450000.E-01  3832.16E-03  4524.72E-07
600000.E-01  3900.49E-03  4064.92E-07
750000.E-01  3975.96E-03  6996.84E-07
900000.E-01  4063.02E-03  1697.32E-06
105000.E+00  4160.22E-03  3401.06E-07
120000.E+00  4260.45E-03  4007.94E-07
135000.E+00  4361.76E-03  6198.61E-07
150000.E+00  4479.39E-03  7937.23E-07
165000.E+00  4609.87E-03  1409.18E-06
180000.E+00  4744.63E-03  4679.52E-07
195000.E+00  4894.71E-03  3112.71E-06
210000.E+00  5062.55E-03  5337.19E-07
225000.E+00  5255.81E-03  5728.19E-07
240000.E+00  5465.71E-03  6656.87E-07
255000.E+00  5713.64E-03  2716.42E-06
270000.E+00  6005.09E-03  9140.44E-07
285000.E+00  6308.44E-03  2553.33E-06
300000.E+00  6675.30E-03  1414.37E-06
315000.E+00  7146.92E-03  1614.63E-06
330000.E+00  7791.14E-03  1911.95E-06
345000.E+00  8703.48E-03  2530.62E-06
360000.E+00  1011.80E-02  3655.62E-06
375000.E+00  1169.87E-02  5328.40E-06
390000.E+00  1038.09E-02  6577.78E-06
405000.E+00  5095.12E-03  5991.44E-06
420000.E+00  1302.32E-03  1585.30E-06
435000.E+00  2591.55E-04  4551.45E-07
450000.E+00  7617.36E-05  6482.29E-08
465000.E+00  2708.58E-05  2124.10E-08
480000.E+00  1000.12E-05  1075.05E-08
495000.E+00  5407.30E-06  1487.08E-09
510000.E+00  4867.32E-06  2502.97E-09
525000.E+00  3586.79E-06  1075.33E-09
540000.E+00  1556.83E-06  8310.89E-10
555000.E+00  9897.40E-08  5756.45E-11
570000.E+00  0000.00E+00  0000.00E+00
585000.E+00  0000.00E+00  0000.00E+00
600000.E+00  0000.00E+00  0000.00E+00
615000.E+00  0000.00E+00  0000.00E+00
630000.E+00  0000.00E+00  0000.00E+00
645000.E+00  0000.00E+00  0000.00E+00
660000.E+00  0000.00E+00  0000.00E+00
675000.E+00  0000.00E+00  0000.00E+00
690000.E+00  0000.00E+00  0000.00E+00
705000.E+00  0000.00E+00  0000.00E+00
720000.E+00  0000.00E+00  0000.00E+00
735000.E+00  0000.00E+00  0000.00E+00
750000.E+00  0000.00E+00  0000.00E+00
765000.E+00  0000.00E+00  0000.00E+00
780000.E+00  0000.00E+00  0000.00E+00
795000.E+00  0000.00E+00  0000.00E+00
810000.E+00  0000.00E+00  0000.00E+00
825000.E+00  0000.00E+00  0000.00E+00
840000.E+00  0000.00E+00  0000.00E+00
855000.E+00  0000.00E+00  0000.00E+00
870000.E+00  0000.00E+00  0000.00E+00
885000.E+00  0000.00E+00  0000.00E+00
900000.E+00  0000.00E+00  0000.00E+00
915000.E+00  0000.00E+00  0000.00E+00
930000.E+00  0000.00E+00  0000.00E+00
945000.E+00  0000.00E+00  0000.00E+00
960000.E+00  0000.00E+00  0000.00E+00
975000.E+00  0000.00E+00  0000.00E+00
990000.E+00  0000.00E+00  0000.00E+00
100500.E+01  0000.00E+00  0000.00E+00
102000.E+01  0000.00E+00  0000.00E+00
103500.E+01  0000.00E+00  0000.00E+00
105000.E+01  0000.00E+00  0000.00E+00
106500.E+01  0000.00E+00  0000.00E+00
108000.E+01  0000.00E+00  0000.00E+00
109500.E+01  0000.00E+00  0000.00E+00
111000.E+01  0000.00E+00  0000.00E+00
112500.E+01  0000.00E+00  0000.00E+00
114000.E+01  0000.00E+00  0000.00E+00
115500.E+01  0000.00E+00  0000.00E+00
117000.E+01  0000.00E+00  0000.00E+00
118500.E+01  0000.00E+00  0000.00E+00
120000.E+01  0000.00E+00  0000.00E+00
121500.E+01  0000.00E+00  0000.00E+00
123000.E+01  0000.00E+00  0000.00E+00
124500.E+01  0000.00E+00  0000.00E+00
126000.E+01  0000.00E+00  0000.00E+00
127500.E+01  0000.00E+00  0000.00E+00
129000.E+01  0000.00E+00  0000.00E+00
130500.E+01  0000.00E+00  0000.00E+00
132000.E+01  0000.00E+00  0000.00E+00
133500.E+01  0000.00E+00  0000.00E+00
135000.E+01  0000.00E+00  0000.00E+00
136500.E+01  0000.00E+00  0000.00E+00
138000.E+01  0000.00E+00  0000.00E+00
139500.E+01  0000.00E+00  0000.00E+00
141000.E+01  0000.00E+00  0000.00E+00
142500.E+01  0000.00E+00  0000.00E+00
144000.E+01  0000.00E+00  0000.00E+00
145500.E+01  0000.00E+00  0000.00E+00
147000.E+01  0000.00E+00  0000.00E+00
148500.E+01  0000.00E+00  0000.00E+00
150000.E+01  0000.00E+00  0000.00E+00
