1.525878906250000000e+00 4.473702287894542273e+00
3.051757812500000000e+00 7.875350242259066214e+00
6.103515625000000000e+00 1.275084354006517806e+01
1.220703125000000000e+01 2.009457021918430542e+01
2.441406250000000000e+01 3.173619733126214726e+01
4.882812500000000000e+01 5.030480955411547228e+01
9.765625000000000000e+01 8.385288305287910759e+01
1.953125000000000000e+02 1.370512212561054923e+02
3.906250000000000000e+02 2.292973942379815639e+02
7.812500000000000000e+02 3.797407911396973645e+02
1.562500000000000000e+03 6.236896802351535598e+02
3.125000000000000000e+03 1.026706617927426805e+03
6.250000000000000000e+03 1.796194209109865142e+03
1.250000000000000000e+04 2.704460098495274451e+03
2.500000000000000000e+04 4.124280139696157676e+03
5.000000000000000000e+04 6.404352400763136757e+03
1.000000000000000000e+05 1.077368899354462155e+04
2.000000000000000000e+05 2.122186447702906298e+04
4.000000000000000000e+05 5.093050974718318321e+04
8.000000000000000000e+05 1.414246298929858021e+05
1.600000000000000000e+06 4.175338118064973387e+05
3.200000000000000000e+06 1.324362482948266203e+06
6.400000000000000000e+06 4.419592281915263273e+06
1.280000000000000000e+07 1.493305622918443568e+07
2.560000000000000000e+07 5.172982828378215432e+07
5.120000000000000000e+07 1.810050428758851588e+08
1.024000000000000000e+08 6.288829730618129969e+08
2.048000000000000000e+08 2.107438516529514074e+09
4.096000000000000000e+08 6.702558324727720261e+09
