1.525878906250000000e+00 1.235499209495382722e+00
3.051757812500000000e+00 1.966675974142799044e+00
6.103515625000000000e+00 2.660872084940083315e+00
1.220703125000000000e+01 3.949166758918448483e+00
2.441406250000000000e+01 5.991423176031188014e+00
4.882812500000000000e+01 9.698122804621377213e+00
9.765625000000000000e+01 1.618606459799009301e+01
1.953125000000000000e+02 2.696659796561842981e+01
3.906250000000000000e+02 4.728705791365167244e+01
7.812500000000000000e+02 8.059066841422642824e+01
1.562500000000000000e+03 1.426398818969761066e+02
3.125000000000000000e+03 2.428723374021333257e+02
6.250000000000000000e+03 3.986019147246075818e+02
1.250000000000000000e+04 5.966983576036967634e+02
2.500000000000000000e+04 9.173482928495369606e+02
5.000000000000000000e+04 1.520036952027337065e+03
1.000000000000000000e+05 2.882627949918508421e+03
2.000000000000000000e+05 6.935658611753691730e+03
4.000000000000000000e+05 1.969707752150718079e+04
8.000000000000000000e+05 6.015741075506954803e+04
1.600000000000000000e+06 1.816193344535513024e+05
3.200000000000000000e+06 6.019977053738277173e+05
6.400000000000000000e+06 2.076207057190500898e+06
1.280000000000000000e+07 7.056850943209403194e+06
2.560000000000000000e+07 2.468627277611380070e+07
5.120000000000000000e+07 8.599269732490120828e+07
1.024000000000000000e+08 2.973638691583080292e+08
2.048000000000000000e+08 9.760120144294348955e+08
4.096000000000000000e+08 2.974622306602229595e+09
