1.525878906250000000e+00 3.489304947458429673e+00
3.051757812500000000e+00 6.186929488111074349e+00
6.103515625000000000e+00 9.743740116519566286e+00
1.220703125000000000e+01 1.531108656631374920e+01
2.441406250000000000e+01 2.412703268304947457e+01
4.882812500000000000e+01 3.944111960124730132e+01
9.765625000000000000e+01 6.596255654752739872e+01
1.953125000000000000e+02 1.074408188562696154e+02
3.906250000000000000e+02 1.841599628147711769e+02
7.812500000000000000e+02 3.101683705384302243e+02
1.562500000000000000e+03 5.216135763036120352e+02
3.125000000000000000e+03 8.748114378596782217e+02
6.250000000000000000e+03 1.494662011680379919e+03
1.250000000000000000e+04 2.314696228560672353e+03
2.500000000000000000e+04 3.602524073290087927e+03
5.000000000000000000e+04 5.716012828180164433e+03
1.000000000000000000e+05 9.748805158294386274e+03
2.000000000000000000e+05 1.965697481450153282e+04
4.000000000000000000e+05 4.848970776434453001e+04
8.000000000000000000e+05 1.370179852194834384e+05
1.600000000000000000e+06 4.079098776927803410e+05
3.200000000000000000e+06 1.297139624003762612e+06
6.400000000000000000e+06 4.342325484188143164e+06
1.280000000000000000e+07 1.467970645352050662e+07
2.560000000000000000e+07 5.101188469111348689e+07
5.120000000000000000e+07 1.782004997335977554e+08
1.024000000000000000e+08 6.190577264240498543e+08
2.048000000000000000e+08 2.077612460618898153e+09
4.096000000000000000e+08 6.606402852808757782e+09
