1.525878906250000000e+00 2.637880837632407438e+00
3.051757812500000000e+00 4.317984838341430098e+00
6.103515625000000000e+00 6.585312822867959603e+00
1.220703125000000000e+01 1.023265963817313562e+01
2.441406250000000000e+01 1.620618708977533018e+01
4.882812500000000000e+01 2.659048482082256726e+01
9.765625000000000000e+01 4.484603964548291088e+01
1.953125000000000000e+02 7.374731931536260277e+01
3.906250000000000000e+02 1.297908526224222214e+02
7.812500000000000000e+02 2.215417786175198103e+02
1.562500000000000000e+03 3.818477276747758538e+02
3.125000000000000000e+03 6.612615967295848804e+02
6.250000000000000000e+03 1.108703134273144769e+03
1.250000000000000000e+04 1.746521512652418323e+03
2.500000000000000000e+04 2.737394195217076231e+03
5.000000000000000000e+04 4.363933251745562302e+03
1.000000000000000000e+05 7.670045978239000760e+03
2.000000000000000000e+05 1.632959094878578799e+04
4.000000000000000000e+05 4.274516447318145219e+04
8.000000000000000000e+05 1.252885005855545605e+05
1.600000000000000000e+06 3.785432755129333236e+05
3.200000000000000000e+06 1.212788998801830690e+06
6.400000000000000000e+06 4.083074094631011132e+06
1.280000000000000000e+07 1.387210545317031816e+07
2.560000000000000000e+07 4.838151105770330876e+07
5.120000000000000000e+07 1.691479251458908916e+08
1.024000000000000000e+08 5.874955001469938755e+08
2.048000000000000000e+08 1.968472649123042345e+09
4.096000000000000000e+08 6.225169508356307983e+09
