1.525878906250000000e+00 2.044697817849254307e+00
3.051757812500000000e+00 2.942246069878277748e+00
6.103515625000000000e+00 4.311432199067666282e+00
1.220703125000000000e+01 6.543564320248029809e+00
2.441406250000000000e+01 1.021244001257641187e+01
4.882812500000000000e+01 1.664162357638626233e+01
9.765625000000000000e+01 2.814588112091039562e+01
1.953125000000000000e+02 4.705255102692750313e+01
3.906250000000000000e+02 8.296612711184742750e+01
7.812500000000000000e+02 1.421196942712560372e+02
1.562500000000000000e+03 2.512944949486293638e+02
3.125000000000000000e+03 4.356280925294029203e+02
6.250000000000000000e+03 7.283980711232885596e+02
1.250000000000000000e+04 1.119093991089873953e+03
2.500000000000000000e+04 1.727534331379863488e+03
5.000000000000000000e+04 2.805271434279102323e+03
1.000000000000000000e+05 5.177877527804663259e+03
2.000000000000000000e+05 1.178054558882837591e+04
4.000000000000000000e+05 3.257663881369390947e+04
8.000000000000000000e+05 9.802970017530757468e+04
1.600000000000000000e+06 2.973198006217457587e+05
3.200000000000000000e+06 9.657701174333086237e+05
6.400000000000000000e+06 3.292630223418085370e+06
1.280000000000000000e+07 1.122176498962082155e+07
2.560000000000000000e+07 3.923698863864540309e+07
5.120000000000000000e+07 1.371243187869492173e+08
1.024000000000000000e+08 4.753164891802263856e+08
2.048000000000000000e+08 1.579289464482785702e+09
4.096000000000000000e+08 4.909735094339362144e+09
