1.525878906250000000e+00 2.384871895759427485e+00
3.051757812500000000e+00 3.689660491858828273e+00
6.103515625000000000e+00 5.509702491527610491e+00
1.220703125000000000e+01 8.487604921931385604e+00
2.441406250000000000e+01 1.336783401578965069e+01
4.882812500000000000e+01 2.192785993910324294e+01
9.765625000000000000e+01 3.703117280658501898e+01
1.953125000000000000e+02 6.126990971755028426e+01
3.906250000000000000e+02 1.084247258184828269e+02
7.812500000000000000e+02 1.857597900216664470e+02
1.562500000000000000e+03 3.242069749117598008e+02
3.125000000000000000e+03 5.613091993515763534e+02
6.250000000000000000e+03 9.433737245055733638e+02
1.250000000000000000e+04 1.476035634003822679e+03
2.500000000000000000e+04 2.298954612671822815e+03
5.000000000000000000e+04 3.685410661384788909e+03
1.000000000000000000e+05 6.621657644283060108e+03
2.000000000000000000e+05 1.449827307289145392e+04
4.000000000000000000e+05 3.896940153881852893e+04
8.000000000000000000e+05 1.157533860464183817e+05
1.600000000000000000e+06 3.506895673047040473e+05
3.200000000000000000e+06 1.128359824937797152e+06
6.400000000000000000e+06 3.820294547640423290e+06
1.280000000000000000e+07 1.300560646470724419e+07
2.560000000000000000e+07 4.540725769821488112e+07
5.120000000000000000e+07 1.587911742611756325e+08
1.024000000000000000e+08 5.512376853631026745e+08
2.048000000000000000e+08 1.841524178547277927e+09
4.096000000000000000e+08 5.789249385689188957e+09
