1.525878906250000000e+00 2.826772966061481096e+00
3.051757812500000000e+00 4.726978138934045504e+00
6.103515625000000000e+00 7.305555589604147748e+00
1.220703125000000000e+01 1.137775813788738333e+01
2.441406250000000000e+01 1.803788871519025960e+01
4.882812500000000000e+01 2.960921905843230562e+01
9.765625000000000000e+01 4.979711400347995465e+01
1.953125000000000000e+02 8.187948168555966788e+01
3.906250000000000000e+02 1.429753899073525361e+02
7.812500000000000000e+02 2.438366649153165611e+02
1.562500000000000000e+03 4.168077194225900826e+02
3.125000000000000000e+03 7.193758692484921085e+02
6.250000000000000000e+03 1.204715528013860649e+03
1.250000000000000000e+04 1.903703620937445976e+03
2.500000000000000000e+04 2.982104029827612067e+03
5.000000000000000000e+04 4.749156283380555578e+03
1.000000000000000000e+05 8.263428524072203800e+03
2.000000000000000000e+05 1.730799000233410698e+04
4.000000000000000000e+05 4.455797377323063847e+04
8.000000000000000000e+05 1.293922313718054647e+05
1.600000000000000000e+06 3.899005579489634256e+05
3.200000000000000000e+06 1.246578332320661051e+06
6.400000000000000000e+06 4.185704971496288199e+06
1.280000000000000000e+07 1.420478101008244790e+07
2.560000000000000000e+07 4.948647098957270384e+07
5.120000000000000000e+07 1.729826187876590192e+08
1.024000000000000000e+08 6.009041748865879774e+08
2.048000000000000000e+08 2.015704685708725214e+09
4.096000000000000000e+08 6.390884748805249214e+09
