1.525878906250000000e+00 1.409477218132626719e+00
3.051757812500000000e+00 2.188746959063203601e+00
6.103515625000000000e+00 2.961011805664518715e+00
1.220703125000000000e+01 4.443199400408195388e+00
2.441406250000000000e+01 6.786576550676027608e+00
4.882812500000000000e+01 1.099147936743080045e+01
9.765625000000000000e+01 1.843601970618927766e+01
1.953125000000000000e+02 3.083413919876446485e+01
3.906250000000000000e+02 5.424603541650167671e+01
7.812500000000000000e+02 9.261384045245478092e+01
1.562500000000000000e+03 1.639643408545278191e+02
3.125000000000000000e+03 2.815620999010862988e+02
6.250000000000000000e+03 4.628324025956502510e+02
1.250000000000000000e+04 6.950317207134665978e+02
2.500000000000000000e+04 1.068043027323498109e+03
5.000000000000000000e+04 1.765074919740958194e+03
1.000000000000000000e+05 3.335920916004741684e+03
2.000000000000000000e+05 7.948961804277244482e+03
4.000000000000000000e+05 2.250386067233329231e+04
8.000000000000000000e+05 6.851755674216750776e+04
1.600000000000000000e+06 2.070683377431601693e+05
3.200000000000000000e+06 6.838086601586821489e+05
6.400000000000000000e+06 2.352019506839614827e+06
1.280000000000000000e+07 8.003756691458605230e+06
2.560000000000000000e+07 2.800441391691999510e+07
5.120000000000000000e+07 9.766854201559494436e+07
1.024000000000000000e+08 3.377148696907749772e+08
2.048000000000000000e+08 1.111949453923015833e+09
4.096000000000000000e+08 3.401968524937131882e+09
