1.525878906250000000e+00 2.491430774388648128e+00
3.051757812500000000e+00 3.977319326012750178e+00
6.103515625000000000e+00 6.010526886133555458e+00
1.220703125000000000e+01 9.293363561163408448e+00
2.441406250000000000e+01 1.469218404365038921e+01
4.882812500000000000e+01 2.406515977498727210e+01
9.765625000000000000e+01 4.068093651701418167e+01
1.953125000000000000e+02 6.708165029867626572e+01
3.906250000000000000e+02 1.185603091270746887e+02
7.812500000000000000e+02 2.027004438762652114e+02
1.562500000000000000e+03 3.515478808670494573e+02
3.125000000000000000e+03 6.099034356090777464e+02
6.250000000000000000e+03 1.022697116987104664e+03
1.250000000000000000e+04 1.608109892944623198e+03
2.500000000000000000e+04 2.510746620842322955e+03
5.000000000000000000e+04 4.012175038814556956e+03
1.000000000000000000e+05 7.134613728451486168e+03
2.000000000000000000e+05 1.540304190051986370e+04
4.000000000000000000e+05 4.089485369744549098e+04
8.000000000000000000e+05 1.207380559880304645e+05
1.600000000000000000e+06 3.654532774565982400e+05
3.200000000000000000e+06 1.173166588900155621e+06
6.400000000000000000e+06 3.960670782086706720e+06
1.280000000000000000e+07 1.347143687727630511e+07
2.560000000000000000e+07 4.701233638414420187e+07
5.120000000000000000e+07 1.644020639918542206e+08
1.024000000000000000e+08 5.708925184956800938e+08
2.048000000000000000e+08 1.910009431923444510e+09
4.096000000000000000e+08 6.023691426225815773e+09
