1.525878906250000000e+00 2.179153430843892458e+00
3.051757812500000000e+00 3.175310475528080545e+00
6.103515625000000000e+00 4.667257176836773880e+00
1.220703125000000000e+01 7.131407431122292806e+00
2.441406250000000000e+01 1.117458602375961085e+01
4.882812500000000000e+01 1.824176301386238208e+01
9.765625000000000000e+01 3.093459650656062010e+01
1.953125000000000000e+02 5.143733647699815492e+01
3.906250000000000000e+02 9.088846931904724613e+01
7.812500000000000000e+02 1.556875309325488956e+02
1.562500000000000000e+03 2.744483819475007067e+02
3.125000000000000000e+03 4.758547844340048414e+02
6.250000000000000000e+03 7.984262883149795016e+02
1.250000000000000000e+04 1.232944117622096428e+03
2.500000000000000000e+04 1.909478291617706418e+03
5.000000000000000000e+04 3.086113005245086242e+03
1.000000000000000000e+05 5.649192069674065351e+03
2.000000000000000000e+05 1.269528594232242540e+04
4.000000000000000000e+05 3.482035953703962150e+04
8.000000000000000000e+05 1.043666065669663076e+05
1.600000000000000000e+06 3.165662306650532992e+05
3.200000000000000000e+06 1.024634809176154900e+06
6.400000000000000000e+06 3.485711516736431047e+06
1.280000000000000000e+07 1.187606485974805616e+07
2.560000000000000000e+07 4.151757336827630550e+07
5.120000000000000000e+07 1.451298434423756897e+08
1.024000000000000000e+08 5.033400642171213031e+08
2.048000000000000000e+08 1.675681123490038395e+09
4.096000000000000000e+08 5.230152687437624931e+09
