1.525878906250000000e+00 4.967457397770473349e-01
3.051757812500000000e+00 8.914707242043501401e-01
6.103515625000000000e+00 1.272067917639439161e+00
1.220703125000000000e+01 1.887727329188638725e+00
2.441406250000000000e+01 2.794494413835268531e+00
4.882812500000000000e+01 4.498956618940836982e+00
9.765625000000000000e+01 7.125152908125995666e+00
1.953125000000000000e+02 1.139741106622639322e+01
3.906250000000000000e+02 1.980044172869018837e+01
7.812500000000000000e+02 3.253143080475629745e+01
1.562500000000000000e+03 5.561183207241121806e+01
3.125000000000000000e+03 9.046791243823891193e+01
6.250000000000000000e+03 1.512506128067888653e+02
1.250000000000000000e+04 2.232546723015090606e+02
2.500000000000000000e+04 3.435720510588074035e+02
5.000000000000000000e+04 5.689338801154133307e+02
1.000000000000000000e+05 1.066559244280622579e+03
2.000000000000000000e+05 2.584946803090408139e+03
4.000000000000000000e+05 7.352907692675117687e+03
8.000000000000000000e+05 2.300624901181865425e+04
1.600000000000000000e+06 6.847422999348785379e+04
3.200000000000000000e+06 2.306145707562095195e+05
6.400000000000000000e+06 8.195821848316743271e+05
1.280000000000000000e+07 2.708356830506793223e+06
2.560000000000000000e+07 9.455078574492083862e+06
5.120000000000000000e+07 3.259188321429383010e+07
1.024000000000000000e+08 1.130617454164488465e+08
2.048000000000000000e+08 3.659379917181391716e+08
4.096000000000000000e+08 1.113936693112209797e+09
