1.525878906250000000e+00 1.056273413578968867e+00
3.051757812500000000e+00 1.727323130567863796e+00
6.103515625000000000e+00 2.384357473334861144e+00
1.220703125000000000e+01 3.446286480837360333e+00
2.441406250000000000e+01 5.212887893069651390e+00
4.882812500000000000e+01 8.439185750701463817e+00
9.765625000000000000e+01 1.396413470759613595e+01
1.953125000000000000e+02 2.315837732293305251e+01
3.906250000000000000e+02 4.038869290412822011e+01
7.812500000000000000e+02 6.881501895183552620e+01
1.562500000000000000e+03 1.214137583441620052e+02
3.125000000000000000e+03 2.044619736607070308e+02
6.250000000000000000e+03 3.357979118053352749e+02
1.250000000000000000e+04 5.010289546269432321e+02
2.500000000000000000e+04 7.713430342620779356e+02
5.000000000000000000e+04 1.278813012432952519e+03
1.000000000000000000e+05 2.431087382954918667e+03
2.000000000000000000e+05 5.894923016771712355e+03
4.000000000000000000e+05 1.678259424764419964e+04
8.000000000000000000e+05 5.140356997152563417e+04
1.600000000000000000e+06 1.549604582850534935e+05
3.200000000000000000e+06 5.152799760550681385e+05
6.400000000000000000e+06 1.784833215786683140e+06
1.280000000000000000e+07 6.052448571764735505e+06
2.560000000000000000e+07 2.116609070237742364e+07
5.120000000000000000e+07 7.362700749320293963e+07
1.024000000000000000e+08 2.545932755930801034e+08
2.048000000000000000e+08 8.332426276661713123e+08
4.096000000000000000e+08 2.533375661569135666e+09
