1.525878906250000000e+00 8.731339894108212096e-01
3.051757812500000000e+00 1.468193374525448514e+00
6.103515625000000000e+00 2.052115024788596642e+00
1.220703125000000000e+01 2.957036222183311303e+00
2.441406250000000000e+01 4.429264362274309974e+00
4.882812500000000000e+01 7.157534232771181948e+00
9.765625000000000000e+01 1.175334099793152376e+01
1.953125000000000000e+02 1.931660238556811748e+01
3.906250000000000000e+02 3.363331759892141548e+01
7.812500000000000000e+02 5.692091701890511501e+01
1.562500000000000000e+03 9.981419517440312461e+01
3.125000000000000000e+03 1.665562202875934474e+02
6.250000000000000000e+03 2.737644921457100509e+02
1.250000000000000000e+04 4.074048294786905444e+02
2.500000000000000000e+04 6.279599164190843794e+02
5.000000000000000000e+04 1.040563456976390626e+03
1.000000000000000000e+05 1.978229548870317558e+03
2.000000000000000000e+05 4.819580599213166352e+03
4.000000000000000000e+05 1.374415601744614469e+04
8.000000000000000000e+05 4.227222685142955015e+04
1.600000000000000000e+06 1.273134312634011731e+05
3.200000000000000000e+06 4.247083384312712587e+05
6.400000000000000000e+06 1.477807083014466567e+06
1.280000000000000000e+07 4.989676765614160337e+06
2.560000000000000000e+07 1.746643177313505858e+07
5.120000000000000000e+07 6.057378706307701766e+07
1.024000000000000000e+08 2.096074364415717423e+08
2.048000000000000000e+08 6.841444433621881008e+08
4.096000000000000000e+08 2.075560475173083067e+09
