1.525878906250000000e+00 3.078627938314983048e+00
3.051757812500000000e+00 5.313256222423166086e+00
6.103515625000000000e+00 8.259227126502578287e+00
1.220703125000000000e+01 1.292258529360547392e+01
2.441406250000000000e+01 2.040326809239854455e+01
4.882812500000000000e+01 3.351089115598679058e+01
9.765625000000000000e+01 5.594221583690474375e+01
1.953125000000000000e+02 9.220891637016246989e+01
3.906250000000000000e+02 1.594868782163916308e+02
7.812500000000000000e+02 2.709000072716447676e+02
1.562500000000000000e+03 4.602280682924196071e+02
3.125000000000000000e+03 7.842218707603481107e+02
6.250000000000000000e+03 1.323394963267244748e+03
1.250000000000000000e+04 2.079480371756367276e+03
2.500000000000000000e+04 3.256645906598879719e+03
5.000000000000000000e+04 5.185113062503408401e+03
1.000000000000000000e+05 8.936390371332881841e+03
2.000000000000000000e+05 1.837279946579699754e+04
4.000000000000000000e+05 4.641089699630234827e+04
8.000000000000000000e+05 1.331877215990312980e+05
1.600000000000000000e+06 3.994292077920834417e+05
3.200000000000000000e+06 1.274137950027882354e+06
6.400000000000000000e+06 4.265561686486009508e+06
1.280000000000000000e+07 1.446005873602688685e+07
2.560000000000000000e+07 5.033318981530758739e+07
5.120000000000000000e+07 1.758528617921323180e+08
1.024000000000000000e+08 6.107014888267524242e+08
2.048000000000000000e+08 2.049966781838443518e+09
4.096000000000000000e+08 6.513311910295429230e+09
