1.525878906250000000e+00 6.578038463296502769e+00
3.051757812500000000e+00 1.200933030666965173e+01
6.103515625000000000e+00 1.886466432456048992e+01
1.220703125000000000e+01 2.995422059858242747e+01
2.441406250000000000e+01 4.775045868117292258e+01
4.882812500000000000e+01 7.177171236609954974e+01
9.765625000000000000e+01 1.203398145004322402e+02
1.953125000000000000e+02 1.934072335961616318e+02
3.906250000000000000e+02 3.052943971027906969e+02
7.812500000000000000e+02 4.922657456131998970e+02
1.562500000000000000e+03 7.898992750146283015e+02
3.125000000000000000e+03 1.233970720602936126e+03
6.250000000000000000e+03 2.437252575500737294e+03
1.250000000000000000e+04 3.395959460126635349e+03
2.500000000000000000e+04 4.933528636545353947e+03
5.000000000000000000e+04 7.420011394445661608e+03
1.000000000000000000e+05 1.192135093373170821e+04
2.000000000000000000e+05 2.275546226830003434e+04
4.000000000000000000e+05 5.337982125490096951e+04
8.000000000000000000e+05 1.472709405848595197e+05
1.600000000000000000e+06 4.309725032210057834e+05
3.200000000000000000e+06 1.359063451373556396e+06
6.400000000000000000e+06 4.537668801348735578e+06
1.280000000000000000e+07 1.533831610966762155e+07
2.560000000000000000e+07 5.299315014978385717e+07
5.120000000000000000e+07 1.851300350531232059e+08
1.024000000000000000e+08 6.434371030640399456e+08
2.048000000000000000e+08 2.155879208777951717e+09
4.096000000000000000e+08 6.799023471140192986e+09
