1.525878906250000000e+00 6.864845649979153253e-01
3.051757812500000000e+00 1.190722453894272004e+00
6.103515625000000000e+00 1.681416021571502828e+00
1.220703125000000000e+01 2.460469667277420669e+00
2.441406250000000000e+01 3.613230482601965221e+00
4.882812500000000000e+01 5.839500548228563126e+00
9.765625000000000000e+01 9.484181666243584274e+00
1.953125000000000000e+02 1.539603622961985785e+01
3.906250000000000000e+02 2.681538948909189557e+01
7.812500000000000000e+02 4.482897470160619946e+01
1.562500000000000000e+03 7.798599993056899393e+01
3.125000000000000000e+03 1.274883144663495784e+02
6.250000000000000000e+03 2.121811306030310504e+02
1.250000000000000000e+04 3.148956528383678801e+02
2.500000000000000000e+04 4.853208395270551136e+02
5.000000000000000000e+04 8.038463732243072855e+02
1.000000000000000000e+05 1.522587940935942925e+03
2.000000000000000000e+05 3.713716527892757767e+03
4.000000000000000000e+05 1.061116967888469117e+04
8.000000000000000000e+05 3.280937280464119976e+04
1.600000000000000000e+06 9.845589340676127176e+04
3.200000000000000000e+06 3.297850553762479685e+05
6.400000000000000000e+06 1.156321022971555125e+06
1.280000000000000000e+07 3.874860789250938222e+06
2.560000000000000000e+07 1.355946169642520323e+07
5.120000000000000000e+07 4.691545092889846116e+07
1.024000000000000000e+08 1.623674108923801184e+08
2.048000000000000000e+08 5.283337006445915699e+08
4.096000000000000000e+08 1.602861336993996143e+09
