1.525878906250000000e+00 3.048317467679463877e-01
3.051757812500000000e+00 5.684139909340808483e-01
6.103515625000000000e+00 8.282552293503500085e-01
1.220703125000000000e+01 1.244103067922922357e+00
2.441406250000000000e+01 1.870563180156145533e+00
4.882812500000000000e+01 3.070919286806244042e+00
9.765625000000000000e+01 4.691359520022094998e+00
1.953125000000000000e+02 7.204803512720558523e+00
3.906250000000000000e+02 1.251466633626458602e+01
7.812500000000000000e+02 1.968874870676268429e+01
1.562500000000000000e+03 3.319340632630260046e+01
3.125000000000000000e+03 5.300766145379650851e+01
6.250000000000000000e+03 9.033055529930733485e+01
1.250000000000000000e+04 1.319723906718446642e+02
2.500000000000000000e+04 2.025268918535247167e+02
5.000000000000000000e+04 3.352644754545946171e+02
1.000000000000000000e+05 6.088647594936271616e+02
2.000000000000000000e+05 1.445074697504796177e+03
4.000000000000000000e+05 4.001912175421403390e+03
8.000000000000000000e+05 1.286411974614773681e+04
1.600000000000000000e+06 3.728986520968956756e+04
3.200000000000000000e+06 1.276815280759179441e+05
6.400000000000000000e+06 4.682652834669363801e+05
1.280000000000000000e+07 1.480774364747084677e+06
2.560000000000000000e+07 5.165272474568809383e+06
5.120000000000000000e+07 1.760684221573693678e+07
1.024000000000000000e+08 6.171498096071361005e+07
2.048000000000000000e+08 1.979076732556945384e+08
4.096000000000000000e+08 6.131662472678997517e+08
