1.525878906250000000e+00 1.741851491356441572e+00
3.051757812500000000e+00 2.544980456118234535e+00
6.103515625000000000e+00 3.614217276268252288e+00
1.220703125000000000e+01 5.441030408476803970e+00
2.441406250000000000e+01 8.421363857248731932e+00
4.882812500000000000e+01 1.370710795797748638e+01
9.765625000000000000e+01 2.304601312857234063e+01
1.953125000000000000e+02 3.869678209815090497e+01
3.906250000000000000e+02 6.823716525958178636e+01
7.812500000000000000e+02 1.167452066408358320e+02
1.562500000000000000e+03 2.068812354372412301e+02
3.125000000000000000e+03 3.585285585050444297e+02
6.250000000000000000e+03 5.940714580542633030e+02
1.250000000000000000e+04 9.001997214725561207e+02
2.500000000000000000e+04 1.388025615783343937e+03
5.000000000000000000e+04 2.272696594188269501e+03
1.000000000000000000e+05 4.249286618732920033e+03
2.000000000000000000e+05 9.913413199996926778e+03
4.000000000000000000e+05 2.776024052483494961e+04
8.000000000000000000e+05 8.409405707849329337e+04
1.600000000000000000e+06 2.547710571581662225e+05
3.200000000000000000e+06 8.340091999951860635e+05
6.400000000000000000e+06 2.855258651541902684e+06
1.280000000000000000e+07 9.727867654362889007e+06
2.560000000000000000e+07 3.403485267323978245e+07
5.120000000000000000e+07 1.188550550807478428e+08
1.024000000000000000e+08 4.116179160132690668e+08
2.048000000000000000e+08 1.361221094335986137e+09
4.096000000000000000e+08 4.197686611190751076e+09
