1.525878906250000000e+00 2.295993656214272427e+00
3.051757812500000000e+00 3.422942609287201954e+00
6.103515625000000000e+00 5.060200659686373115e+00
1.220703125000000000e+01 7.779833756747501106e+00
2.441406250000000000e+01 1.221367941337992313e+01
4.882812500000000000e+01 1.998580684800495177e+01
9.765625000000000000e+01 3.382671632150318430e+01
1.953125000000000000e+02 5.611179707742866185e+01
3.906250000000000000e+02 9.936018849599138036e+01
7.812500000000000000e+02 1.700414875535977046e+02
1.562500000000000000e+03 2.985825826178611351e+02
3.125000000000000000e+03 5.172184419315402693e+02
6.250000000000000000e+03 8.692945796099695599e+02
1.250000000000000000e+04 1.352903539340014504e+03
2.500000000000000000e+04 2.100764991028089298e+03
5.000000000000000000e+04 3.378365321356705408e+03
1.000000000000000000e+05 6.128466152416765908e+03
2.000000000000000000e+05 1.359776407456875859e+04
4.000000000000000000e+05 3.694552688517764909e+04
8.000000000000000000e+05 1.102960242283377593e+05
1.600000000000000000e+06 3.343673277302010101e+05
3.200000000000000000e+06 1.078733627922687214e+06
6.400000000000000000e+06 3.661253345597796608e+06
1.280000000000000000e+07 1.247216151479323208e+07
2.560000000000000000e+07 4.357157258322113752e+07
5.120000000000000000e+07 1.523618505995075405e+08
1.024000000000000000e+08 5.286507258275385499e+08
2.048000000000000000e+08 1.763320331275730848e+09
4.096000000000000000e+08 5.523038894400559425e+09
