1.525878906250000000e+00 5.641993644197961011e+00
3.051757812500000000e+00 9.961377545623724572e+00
6.103515625000000000e+00 1.611684330388444408e+01
1.220703125000000000e+01 2.577554771858516602e+01
2.441406250000000000e+01 4.046690568292495271e+01
4.882812500000000000e+01 6.316696232620901696e+01
9.765625000000000000e+01 1.020496090163482421e+02
1.953125000000000000e+02 1.693584219800291919e+02
3.906250000000000000e+02 2.738770008574424537e+02
7.812500000000000000e+02 4.456372818568698335e+02
1.562500000000000000e+03 7.227004735602555456e+02
3.125000000000000000e+03 1.164681204067017916e+03
6.250000000000000000e+03 2.145997100620904348e+03
1.250000000000000000e+04 3.118358935397523510e+03
2.500000000000000000e+04 4.607844758112075397e+03
5.000000000000000000e+04 6.988675810504524634e+03
1.000000000000000000e+05 1.147719796847528596e+04
2.000000000000000000e+05 2.216753325677443718e+04
4.000000000000000000e+05 5.254932035134579928e+04
8.000000000000000000e+05 1.449991157903026615e+05
1.600000000000000000e+06 4.247596745473592891e+05
3.200000000000000000e+06 1.346274566801612265e+06
6.400000000000000000e+06 4.493118602178580128e+06
1.280000000000000000e+07 1.516009067021330260e+07
2.560000000000000000e+07 5.242154064564154297e+07
5.120000000000000000e+07 1.833991017401463985e+08
1.024000000000000000e+08 6.375462531151565313e+08
2.048000000000000000e+08 2.133811894383327007e+09
4.096000000000000000e+08 6.790236628243104935e+09
