1.525878906250000000e+00 1.578466988307921870e+00
3.051757812500000000e+00 2.381341085357252751e+00
6.103515625000000000e+00 3.284138241190048824e+00
1.220703125000000000e+01 4.929526433286379294e+00
2.441406250000000000e+01 7.580681603261570700e+00
4.882812500000000000e+01 1.233208998355500796e+01
9.765625000000000000e+01 2.069931732336461039e+01
1.953125000000000000e+02 3.468201410311994692e+01
3.906250000000000000e+02 6.121682650734776843e+01
7.812500000000000000e+02 1.046592619736522352e+02
1.562500000000000000e+03 1.855205338678569547e+02
3.125000000000000000e+03 3.199385389170740268e+02
6.250000000000000000e+03 5.279778663051682770e+02
1.250000000000000000e+04 7.960415432040629184e+02
2.500000000000000000e+04 1.225476863894945154e+03
5.000000000000000000e+04 2.015807476248765397e+03
1.000000000000000000e+05 3.790995519543756473e+03
2.000000000000000000e+05 8.942244618360478853e+03
4.000000000000000000e+05 2.518774763733188229e+04
8.000000000000000000e+05 7.647579644227279641e+04
1.600000000000000000e+06 2.314597638226445415e+05
3.200000000000000000e+06 7.614072909229005454e+05
6.400000000000000000e+06 2.611944932761242613e+06
1.280000000000000000e+07 8.892922811224183068e+06
2.560000000000000000e+07 3.113163692719984427e+07
5.120000000000000000e+07 1.086040352608074248e+08
1.024000000000000000e+08 3.758230501244958043e+08
2.048000000000000000e+08 1.240320717928435802e+09
4.096000000000000000e+08 3.809946035312566280e+09
