1.525878906250000000e+00 1.898174716227247760e+00
3.051757812500000000e+00 2.727343558576845517e+00
6.103515625000000000e+00 3.956540390410798302e+00
1.220703125000000000e+01 5.983284749356034382e+00
2.441406250000000000e+01 9.294437981273233618e+00
4.882812500000000000e+01 1.512956147824656483e+01
9.765625000000000000e+01 2.553178355082976836e+01
1.953125000000000000e+02 4.277406429800412013e+01
3.906250000000000000e+02 7.542983165954335334e+01
7.812500000000000000e+02 1.292233506842894997e+02
1.562500000000000000e+03 2.287683312687145758e+02
3.125000000000000000e+03 3.968549649291747414e+02
6.250000000000000000e+03 6.608835164473013037e+02
1.250000000000000000e+04 1.008584303291704146e+03
2.500000000000000000e+04 1.554959111912475691e+03
5.000000000000000000e+04 2.534478425895154942e+03
1.000000000000000000e+05 4.711390484790572373e+03
2.000000000000000000e+05 1.085682652226558821e+04
4.000000000000000000e+05 3.022659972859620029e+04
8.000000000000000000e+05 9.125473757819026650e+04
1.600000000000000000e+06 2.767052761878558667e+05
3.200000000000000000e+06 9.021450295287127374e+05
6.400000000000000000e+06 3.082347922006843612e+06
1.280000000000000000e+07 1.050435048531797528e+07
2.560000000000000000e+07 3.673807291098324955e+07
5.120000000000000000e+07 1.283651185748924166e+08
1.024000000000000000e+08 4.447302524682021141e+08
2.048000000000000000e+08 1.474307880177309513e+09
4.096000000000000000e+08 4.563845740485008240e+09
