8.444818904194665521e+00 6.539366934784477392e-01 4.542600841499148373e+03 1.784943916492171212e+00
4.414457600195502707e+00 6.653562830101786840e-01 3.266526111609657164e+03 1.786361292836235126e+00
2.923273460123740008e+00 6.729468889545745514e-01 2.681872434756834082e+03 1.787250371248040093e+00
2.171167355611721472e+00 6.792959075198468089e-01 2.339456684858736935e+03 1.788304254466643872e+00
1.722781921972352581e+00 6.845468375791134985e-01 2.109482025020228320e+03 1.789248328795123300e+00
1.429030169321882981e+00 6.894370359943789994e-01 1.946639217195275705e+03 1.790421111309462354e+00
1.215591986870966812e+00 6.936897932582687387e-01 1.825831972265853437e+03 1.791734628797044593e+00
1.056901053146532155e+00 6.976481004568245714e-01 1.731977653514364420e+03 1.792988426588897788e+00
9.331675084886240645e-01 7.013001220928994917e-01 1.657780418362075579e+03 1.794227941945164551e+00
8.295627229770613509e-01 7.042696386194433611e-01 1.597797779129265109e+03 1.795388997814262089e+00
7.407353574669232055e-01 7.066575466242961401e-01 1.548748141609990171e+03 1.796486089868299940e+00
6.659782903284908739e-01 7.089360477803626770e-01 1.509768411030049720e+03 1.797649520789250444e+00
6.006031151969124515e-01 7.109447103609867202e-01 1.478822858296506411e+03 1.798839827622791265e+00
5.423417858090902044e-01 7.127546482515562110e-01 1.455537656302370806e+03 1.800160866845605501e+00
4.867755832393966808e-01 7.139797383060764169e-01 1.437971291071426776e+03 1.801463500798966999e+00
4.309259271115676859e-01 7.140761512115400000e-01 1.423003411335228975e+03 1.802453557754318814e+00
3.744153093572066826e-01 7.131482759462030030e-01 1.411891623003258474e+03 1.803298322664584896e+00
3.140281008871177448e-01 7.103742058835301743e-01 1.401844238352173534e+03 1.803655650904793628e+00
2.440512050348269402e-01 7.045995151345625374e-01 1.396437532825533253e+03 1.804243033922433348e+00
1.553610975234093194e-01 6.903749682562350110e-01 1.393178369888972156e+03 1.805227257698352572e+00
9.998274192156586526e-02 6.751973971056210999e-01 1.393676884307316641e+03 1.806549096040780844e+00
7.281744540222989670e-02 6.638089236437215712e-01 1.384692543186575222e+03 1.806254191153804145e+00
