1.525878906250000000e+00 3.436872917902049733e-08
3.051757812500000000e+00 4.773703576673367508e-08
6.103515625000000000e+00 7.113334770226205352e-08
1.220703125000000000e+01 1.048733954607302365e-07
2.441406250000000000e+01 1.480018974771386630e-07
4.882812500000000000e+01 1.866875594238826555e-07
9.765625000000000000e+01 3.070512825264166615e-07
1.953125000000000000e+02 4.885944177927427326e-07
3.906250000000000000e+02 6.249601618858047761e-07
7.812500000000000000e+02 1.064321178658943434e-06
1.562500000000000000e+03 1.421388101338535555e-06
3.125000000000000000e+03 2.057927189195511377e-06
6.250000000000000000e+03 2.205383459189549370e-06
1.250000000000000000e+04 3.395613821708259510e-06
2.500000000000000000e+04 4.603555156437157749e-06
5.000000000000000000e+04 5.577234513908244510e-06
1.000000000000000000e+05 7.473645953948937834e-06
2.000000000000000000e+05 7.494453541915469734e-06
4.000000000000000000e+05 7.506510523290532505e-06
8.000000000000000000e+05 3.756334767962292480e-06
1.600000000000000000e+06 3.607916415509699689e-06
3.200000000000000000e+06 1.804316489692313507e-06
6.400000000000000000e+06 7.218467929211587377e-07
1.280000000000000000e+07 7.219068458239078631e-07
2.560000000000000000e+07 4.125468327357040396e-07
5.120000000000000000e+07 2.887896731473438285e-07
1.024000000000000000e+08 1.443995698327851327e-07
2.048000000000000000e+08 9.626883884180038265e-08
4.096000000000000000e+08 4.621015115675338631e-08
