====== H (E0) into Kapton                       =======
        SRIM-2013.00
========================================
      Ion and Recoil IONIZATION     
 See SRIM Outputs\TDATA.txt for details   
========================================
 See file :  SRIM Outputs\TDATA.txt   for calculation data
 Ion    =  H   Energy = 2650 keV
============= TARGET MATERIAL ======================================
Layer 1 : Kapton
Layer Width = 15000.E+02 A ;
  Layer # 1- Density = 8.722E22 atoms/cm3 = 1.42 g/cm3
  Layer # 1-  H = 25.6 Atomic Percent = 2.63 Mass Percent
  Layer # 1-  C = 56.4 Atomic Percent = 69.1 Mass Percent
  Layer # 1-  N = 5.12 Atomic Percent = 7.32 Mass Percent
  Layer # 1-  O = 12.8 Atomic Percent = 20.9 Mass Percent
====================================================================
 Total Ions calculated =013497.13
===============================================================
  Ionization Energy Units are  >>>>  eV /(Angstrom-Ion)  <<<<  
===============================================================

  TARGET       IONIZ.       IONIZ.  
  DEPTH         by           by     
  (Ang)        IONS         RECOILS 
-----------  -----------  -----------
150000.E-01  2394.75E-03  6274.29E-08
300000.E-01  2410.66E-03  1243.64E-07
450000.E-01  2441.95E-03  1181.97E-06
600000.E-01  2467.33E-03  2513.58E-07
750000.E-01  2491.28E-03  2111.88E-07
900000.E-01  2521.51E-03  1863.24E-07
105000.E+00  2553.44E-03  3792.28E-07
120000.E+00  2586.18E-03  4473.85E-07
135000.E+00  2617.15E-03  3980.33E-07
150000.E+00  2648.52E-03  1856.30E-07
165000.E+00  2683.08E-03  1841.51E-07
180000.E+00  2720.54E-03  2366.86E-07
195000.E+00  2758.99E-03  2696.00E-07
210000.E+00  2797.24E-03  2646.32E-07
225000.E+00  2839.47E-03  5334.51E-07
240000.E+00  2882.11E-03  6793.90E-07
255000.E+00  2927.63E-03  3465.05E-07
270000.E+00  2978.05E-03  7551.96E-07
285000.E+00  3026.65E-03  3851.08E-07
300000.E+00  3078.45E-03  6236.84E-07
315000.E+00  3137.88E-03  5098.27E-07
330000.E+00  3198.31E-03  4991.17E-07
345000.E+00  3262.89E-03  4402.00E-07
360000.E+00  3331.44E-03  2024.81E-06
375000.E+00  3402.92E-03  6483.75E-07
390000.E+00  3484.02E-03  8331.51E-07
405000.E+00  3565.33E-03  1049.44E-06
420000.E+00  3648.36E-03  4108.21E-07
435000.E+00  3752.47E-03  3668.56E-07
450000.E+00  3857.86E-03  2151.87E-06
465000.E+00  3978.89E-03  4689.58E-07
480000.E+00  4109.35E-03  4502.87E-07
495000.E+00  4247.18E-03  9600.16E-07
510000.E+00  4400.66E-03  7749.53E-07
525000.E+00  4563.61E-03  1110.50E-06
540000.E+00  4753.14E-03  7437.16E-07
555000.E+00  4987.17E-03  1063.23E-06
570000.E+00  5283.06E-03  1021.70E-06
585000.E+00  5653.16E-03  1104.53E-06
600000.E+00  6137.28E-03  1898.14E-06
615000.E+00  6817.35E-03  2322.94E-06
630000.E+00  7813.46E-03  3198.31E-06
645000.E+00  8939.16E-03  4029.55E-06
660000.E+00  8518.88E-03  6142.87E-06
675000.E+00  5322.68E-03  5141.14E-06
690000.E+00  1906.93E-03  2701.46E-06
705000.E+00  4536.64E-04  6712.05E-07
720000.E+00  1121.70E-04  1431.37E-07
735000.E+00  3646.48E-05  9243.64E-08
750000.E+00  1072.04E-05  1390.17E-08
765000.E+00  3524.14E-06  2324.32E-09
780000.E+00  2273.42E-06  1363.99E-09
795000.E+00  1125.41E-07  3090.96E-10
810000.E+00  0000.00E+00  0000.00E+00
825000.E+00  0000.00E+00  0000.00E+00
840000.E+00  0000.00E+00  0000.00E+00
855000.E+00  0000.00E+00  0000.00E+00
870000.E+00  0000.00E+00  0000.00E+00
885000.E+00  0000.00E+00  0000.00E+00
900000.E+00  0000.00E+00  0000.00E+00
915000.E+00  0000.00E+00  0000.00E+00
930000.E+00  0000.00E+00  0000.00E+00
945000.E+00  0000.00E+00  0000.00E+00
960000.E+00  0000.00E+00  0000.00E+00
975000.E+00  0000.00E+00  0000.00E+00
990000.E+00  0000.00E+00  0000.00E+00
100500.E+01  0000.00E+00  0000.00E+00
102000.E+01  0000.00E+00  0000.00E+00
103500.E+01  0000.00E+00  0000.00E+00
105000.E+01  0000.00E+00  0000.00E+00
106500.E+01  0000.00E+00  0000.00E+00
108000.E+01  0000.00E+00  0000.00E+00
109500.E+01  0000.00E+00  0000.00E+00
111000.E+01  0000.00E+00  0000.00E+00
112500.E+01  0000.00E+00  0000.00E+00
114000.E+01  0000.00E+00  0000.00E+00
115500.E+01  0000.00E+00  0000.00E+00
117000.E+01  0000.00E+00  0000.00E+00
118500.E+01  0000.00E+00  0000.00E+00
120000.E+01  0000.00E+00  0000.00E+00
121500.E+01  0000.00E+00  0000.00E+00
123000.E+01  0000.00E+00  0000.00E+00
124500.E+01  0000.00E+00  0000.00E+00
126000.E+01  0000.00E+00  0000.00E+00
127500.E+01  0000.00E+00  0000.00E+00
129000.E+01  0000.00E+00  0000.00E+00
130500.E+01  0000.00E+00  0000.00E+00
132000.E+01  0000.00E+00  0000.00E+00
133500.E+01  0000.00E+00  0000.00E+00
135000.E+01  0000.00E+00  0000.00E+00
136500.E+01  0000.00E+00  0000.00E+00
138000.E+01  0000.00E+00  0000.00E+00
139500.E+01  0000.00E+00  0000.00E+00
141000.E+01  0000.00E+00  0000.00E+00
142500.E+01  0000.00E+00  0000.00E+00
144000.E+01  0000.00E+00  0000.00E+00
145500.E+01  0000.00E+00  0000.00E+00
147000.E+01  0000.00E+00  0000.00E+00
148500.E+01  0000.00E+00  0000.00E+00
150000.E+01  0000.00E+00  0000.00E+00
